3897621768
1614675902
4293402499
274775552
1073741838
3154362179
3961636863
2713711566
2266988805
4091610096
29368224
4278469123
69271296
1333392336
3221475517
4158685432
276689903
4193779650
4158603244
548937774
3202379778
268485136
2135362527
2181566343
3957358871
1866390671
2130452281
3630301184
1862470561
1040204096
4292869644
1631908976
1834887
4164993532
1052512256
82558791
4160749051
3775135856
14680315
63947052
813560897
50589883
62914796
21097536
1141116794
4163912704
1635453824
988807359
