[277348586901505, 259489023377280, 255156475125758, 13197361541246, 12849519271745, 17318348062720, 272809914269887, 30783121133440, 268622321156287, 264021285810308, 277285268627647, 13195162955583, 17451543166722, 69759938497, 13128657014658, 272953644167419]
[277076930461504, 277142445232127, 277010357420032, 281338611494912, 272542517956418, 277213278633985, 272678850134143, 277077986644029]
[277145616113726, 268346351681408, 263881700397057, 268074695520253]
[281266653486910, 259344115699580]
[4538741288963]
0x0
[263602458062457]
[1335431]
0x0
[14372210]
0xf
0xff
0xffff
0xffffffff
0xffffffffffffffff
[17803731521026, 35179002847101, 246633210564672, 13811505709058, 31128800715138, 21928995180675, 255428248723522, 272477088882936]
[13328340226243, 268215339724544, 17796247310530, 268211061542653]
[4603181793408, 13057808658627]
0x0
[21578031837564, 26452802667000]
[263949295796281]
0xff
[237916356383153]
[15437498]
0xf
[4387819]
0x3
0xc3
0x3cc3
0x3cc33cc3
[31257880714938, 53178157478594, 52494112620165, 44597932232053]
[30231303290562, 259765982985867]
[259209848668154]
0xff
[216322590338513]
0xb4
0x4bb4
[58495110265869, 214733521699754]
0x4649
0xdfd4649
0x313e7a8a0dfd4649
0xcec18575f202b9b6313e7a8a0dfd4649
[43556404158470, 238103438250371, 65764487368512, 251025737625160, 21032271896059, 250138021879365, 255649441377915, 228967860957691, 249994912173881, 43501729324735, 12774393279045, 250757520589384, 43232166653447, 31057883664132, 254753768447367, 251103937851856]
[254881627873923, 264013802918329, 268080133701435, 255565686390907, 35670859198017, 276740949413640, 242242481311356, 26053169635399]
[13200648834874, 13605465223039, 31128832987196, 263542497316993]
[206226583681, 17663054328129]
0x0
[13881168641596, 52578936716547]
[13266163584637]
0x55
[56431387300943]
0x4e
0x1b4e
0x1b4e1b4e
[237617137607283, 251384288014842, 66598985842764, 65154483695112]
[280587930145274, 40193408340664]
[8460987265528]
[16756729]
0xf
[15416817]
0xf
0xf
[223392846613358]
0xbb
0xb4bb
[50246457951475, 106741976721936]
0x113a
0xa581113a
0xbecf0a74a581113a
[212125318970057, 206380647533839, 205758775730764, 62868460364340, 201403729493177, 242736756196113, 194395843030088, 232186220835351]
[223905085644148, 65272920190392, 62385605632524, 232399475772616]
[30233547207304, 52354714733880]
[259288398791176]
[819656]
0x0
[14490704]
0xc
0xcc
[216513910478060]
0xe1
0x2de1
[196323653269038, 111213155903765]
0xb99a
0x947bb99a
[133145574177371, 143446899861996, 210296457855502, 212023406038095]
0x691b6a42
0xfd60d3d8691b6a42
43afd9accc9a7b78fd60d3d8691b6a42
8d6e5cd93e98c2cecc5ea95264e62c0b43afd9accc9a7b78fd60d3d8691b6a42
