15360
5959
56389
12609
28970
31753
26616
58829
49912
35030
38365
28255
38662
22203
45963
28333
39249
12397
20973
40089
41950
21657
50611
63064
42464
7711
60363
2981
1761
39086
26500
57586
53538
43181
37503
30589
37564
55134
22209
13439
17958
53640
62474
42296
26478
29235
32456
9544
60725
8796
28069
36622
56325
1839
59408
36899
58412
61585
55525
38181
21810
46970
59812
49014
41995
60969
23779
18724
31902
55610
14522
10357
5882
35306
11363
36094
21661
34330
32804
48801
53752
50059
22884
15382
58037
50597
24060
57015
23889
58492
62537
37457
4779
51300
26550
48584
2531
27845
6844
10000
