251507139646381
181826449354095
65357732650445
31538182311936
48857232649902
205860238206572
243341225103818
179362066576511
216674925330608
196831857116408
96856760933784
92078649036037
1237876788625
18825879715841
176315639500852
53820963139328
268532026903371
272472775341309
267225344070244
113858488860880
202661235482000
255354077733297
273384410387969
221568251729281
110839435952013
224208749781698
5014251199220
38757937427604
219003353304662
95857430007984
11768163794889
76334251007723
41389644584114
275356699534648
123445058206261
273570305405320
264014140256580
51959323151853
194268719464768
74925605399758
30806793531761
132220588662575
276238779199132
57036029521166
53672919124602
118798930739263
278647816305328
55735874985161
13644103979643
12984606225659
21454515687252
281083949802868
105970706917007
43086956716284
60560046322782
237280933946414
273301734125595
265644032414667
44509936783376
48010982489768
277028745248138
234469342651707
92467443616769
97234437771764
229072771956221
82523402014007
263694888177209
53184651903862
276128667522058
175844586426417
13487325330815
228846155906693
40313452482029
39442712527098
76082795573898
26959039505878
238274002896070
196660098262269
275743591678207
28019274016728
281290137435303
268794980538174
273100932354887
12860205576630
205268382683546
71660437873914
30750937718546
185864306240392
180920056849800
197654625876800
100186316325052
72887060893206
60334813717556
268157393347917
206959306530880
22061956277440
17391345172221
29531760808069
48238181520956
118823226256409
