1111 0000 101 1
1110 0000 101 1
1101 0000 101 1
1100 0000 101 1
1011 0000 101 1
1010 0000 101 1
1001 0000 101 1
1000 0000 101 1
0111 0000 101 1
0110 0000 101 1
0101 0000 101 1
0100 0000 101 1
0011 0000 101 1
0010 0000 101 1
0001 0000 101 1
0000 0000 101 1
//8f
1111 0000 100 1
1101 0000 100 1
1011 0000 100 1
1001 0000 100 1
0111 0000 100 1
0101 0000 100 1
0011 0000 100 1
0001 0000 100 1
//4g0r
0111 1001 011 1
0101 1001 011 1
0011 1001 011 1
0001 1001 011 1
//2g0r
0011 1001 010 1
0001 1001 010 1
//1f
0001 0000 001 1
//6 rep
0000 0010 000 1
//g
0001 0001 001 1
//f
0000 0000 000 1
//rep
0000 0010 110 1
//g
0000 0001 000 1
//spc
0000 0011 110 0
//comb
0000 1010 000 0
//comb
0000 1010 001 0
//comb
0001 1100 010 0
//comb
0001 1100 011 1
//8g
1111 0001 100 1
1101 0001 100 1
1011 0001 100 1
1001 0001 100 1
0111 0001 100 1
0101 0001 100 1
0011 0001 100 1
0001 0001 100 1
//4f
0111 0000 011 1
0101 0000 011 1
0011 0000 011 1
0001 0000 011 1
//2f
0011 0000 010 1
0001 0000 010 1
//rep
0001 0010 001 1
//2g
0011 0001 010 1
0001 0001 010 1
//f
0001 0000 001 1
//rep
0000 0010 000 1
//g
0001 0001 001 1
//f
0000 0000 000 1
//rep
0000 0010 110 1
//g
0000 0001 000 1
//spc
0000 0011 110 0
//comb
0000 1010 000 0
//comb
0001 1010 001 0
//comb
0001 1010 010 1
//4g
0111 0001 011 1
0101 0001 011 1
0011 0001 011 1
0001 0001 011 1
//2f
0011 0000 010 1
0001 0000 010 1
//f
0001 0000 001 1
//rep
0000 0010 000 1
//g
0001 0001 001 1
//type3
0000 0111 000 0
//comb
0001 1010 001 1
//2g
0011 0001 010 1
0001 0001 010 1
//spc
0001 0011 001 0
//comb
0001 1010 010 0
//comb
0001 1010 011 0
//comb
0001 1010 100 1
//16g
1111 0001 101 1
1110 0001 101 1
1101 0001 101 1
1100 0001 101 1
1011 0001 101 1
1010 0001 101 1
1001 0001 101 1
1000 0001 101 1
0111 0001 101 1
0110 0001 101 1
0101 0001 101 1
0100 0001 101 1
0011 0001 101 1
0010 0001 101 1
0001 0001 101 1
0000 0001 101 1
//8f
1111 0000 100 1
1101 0000 100 1
1011 0000 100 1
1001 0000 100 1
0111 0000 100 1
0101 0000 100 1
0011 0000 100 1
0001 0000 100 1
//4f
0111 0000 011 1
0101 0000 011 1
0011 0000 011 1
0001 0000 011 1
//2f
0011 0000 010 1
0001 0000 010 1
//rep
0001 0010 001 1
//2g
0011 0001 010 1
0001 0001 010 1
//f
0001 0000 001 1
//type1
0000 0110 000 1
//g
0001 0001 001 1
//spc
0000 0011 000 0
//comb
0001 1010 001 0
//comb
0001 1010 010 1
//4g
0111 0001 011 1
0101 0001 011 1
0011 0001 011 1
0001 0001 011 1
//2f
0011 0000 010 0
0001 0000 010 0
//f
0001 0000 001 0
//f
0000 0000 000 0
//rep
0000 0010 110 1
//g
0000 0001 000 1
//spc
0000 0011 110 0
//comb
0000 1010 000 1
//g
0001 0001 001 1
//spc
0000 0011 000 0
//comb
0001 1010 001 1
//2g
0011 0001 010 1
0001 0001 010 1
//spc
0001 0011 001 0
//comb
0001 1010 010 0
//comb
0001 1010 011 1
//8g
1111 0001 100 1
1101 0001 100 1
1011 0001 100 1
1001 0001 100 1
0111 0001 100 1
0101 0001 100 1
0011 0001 100 1
0001 0001 100 1
//4f
0111 0000 011 1
0101 0000 011 1
0011 0000 011 1
0001 0000 011 1
//2f
0011 0000 010 1
0001 0000 010 1
//f
0001 0000 001 1
//f
0000 0000 000 1
//rep
0000 0010 110 1
//g
0000 0001 000 1
//spc
0000 0011 110 0
//comb
0000 1010 000 1
//g
0001 0001 001 1
//spc
0000 0011 000 0
//comb
0001 1010 001 1
//2g
0011 0001 010 1
0001 0001 010 1
//rate1
0001 0101 001 0
//comb
0001 1010 010 1
//4g
0111 0001 011 1
0101 0001 011 1
0011 0001 011 1
0001 0001 011 1
//2f
0011 0000 010 1
0001 0000 010 1
//rate1
0001 0101 001 1
//2g
0011 0001 010 1
0001 0001 010 1
//rate1
0001 0101 001 0
//comb
0001 1010 010 0
//comb
0001 1010 011 0
//comb
0001 1010 100 0
//comb
0001 1010 101 0
