3851
3595
3339
3083
2827
2571
2315
2059
1803
1547
1291
1035
779
523
267
11
3849
3337
2825
2313
1801
1289
777
265
1943
1431
919
407
917
405
259
33
275
1
45
17
60
160
162
452
455
3865
3353
2841
2329
1817
1305
793
281
1799
1287
775
263
773
261
291
789
277
259
33
275
1
45
17
60
160
418
421
1815
1303
791
279
773
261
259
33
275
112
419
789
277
306
420
422
425
3867
3611
3355
3099
2843
2587
2331
2075
1819
1563
1307
1051
795
539
283
27
3849
3337
2825
2313
1801
1289
777
265
1799
1287
775
263
773
261
291
789
277
259
97
275
48
418
421
1815
1303
791
279
772
260
258
0
45
17
60
161
275
48
419
789
277
306
420
423
3865
3353
2841
2329
1817
1305
793
281
1799
1287
775
263
773
261
259
1
45
17
60
161
275
48
419
789
277
338
421
1815
1303
791
279
773
261
339
789
277
338
420
422
424
426
