3297726710
3649989716
2911784914
1440853004
3114044957
593200419
1663677634
1612206318
2750118304
3388053878
2593275411
1147663823
2565629899
3384974560
1537833110
3512976679
4001635215
1748670113
276234303
4113424127
1458318698
631986711
2062090879
3307268032
1851586416
401833530
3939281332
1795324500
234940239
3204247252
3224811820
1253174174
3024575231
1577086114
1332192091
3792176669
4071742280
3115760410
1621579998
2797149369
3103273369
3173793171
456141938
4095570940
28916791
3380250435
1907274315
528970661
2887161719
356566554
2586003934
300293965
813034596
3474181485
3886551639
1420671354
2242380692
3874256420
1047171694
700711447
1488893891
3582433127
4251681612
738866722
3456106565
1131424534
1353387134
1365714132
4056703032
223506369
1038394282
4085702034
3892395541
3599927803
659791724
3133429468
1472070241
1012245416
2463902481
2666558261
1417831163
1645765502
3133280333
669395784
126930861
3334678223
3576001296
3846803566
2820285617
4226309082
990705156
1157479074
4166756351
2278942413
1872129390
705208807
3256042810
3891172151
3985053722
635117938
587941406
2065325401
3122273770
1183601447
1376861160
125457214
2107592416
4207665067
2172291384
3666502642
243264485
4115048088
3477569467
1101724214
2369958597
4063426743
591438592
1300997832
323154572
1462269382
3988632222
3622201369
1894122291
1390626074
2932825815
3812537176
3282547909
2782211869
1384363462
679296272
4117744149
819790942
3042861372
2920407959
63955065
2370990623
2242599723
839265809
982180288
827008609
3422770936
1815995914
3331676752
4031970586
3906569590
3515943241
3946529799
1817456683
2734034267
1610708662
3502921796
4172661905
4174740
3686418315
942807295
818952200
3080870788
605584067
112840393
1513469843
27436677
3507894638
3060180517
2811609270
2948473899
1620984721
2625388107
443289885
425224830
2694531347
2354923732
1712535908
2660210461
896517029
166155850
1538654062
2713585692
249838299
4141137400
1133738264
302503182
1016883311
910387561
660826565
732978564
756538801
2852229448
3994374525
2931323475
3790561377
1432565751
3792376766
432570068
2878556065
1193997336
219879246
1195905846
1406553492
3261691290
1147666346
3144717877
827953230
646604792
625060322
177501063
1366562494
1300487184
1307708907
4251670109
2670892357
659066211
3899149112
485862555
3905017778
3776802892
3399630415
3592284924
1264491641
3158189917
505855341
1822911876
2267889498
730841447
2510499495
1649387969
2814846964
1968624333
1232285451
3181485700
3807401271
3665520876
2163771333
3908055398
4005412308
948806243
1398565868
2390924186
4232718966
3258011844
3481312733
3201255678
3353952267
1106787335
251285787
828208221
3489941428
3501606524
1027941818
2705111193
420252774
3543166874
2737802643
345598238
1403518050
998045361
2946226370
980416316
1381767356
1610668803
1944561082
3856466537
38396026
2138342107
3428803891
3734600417
3713279178
2996898909
3465820307
2128750959
645964666
1877862749
2921009309
992743177
1418886897
2341503907
194225832
3339795405
4196030429
2485045401
131571554
2457132478
434696888
677819500
2857888665
107740422
3562463156
3526888245
2514553685
980747529
4265456980
2018642665
3118307448
845104653
1280932975
4013472440
3782117713
3968668757
1533220000
2329625639
455830056
