272940979978301
0
0
0
0
0
0
0
0
0
61812628898975
0
0
0
0
0
0
0
0
0
0
33177
0
0
0
0
0
0
0
0
0
0
0
0
0
0
0
0
0
0
0
33154
0
0
0
0
0
0
0
0
0
0
0
0
0
0
0
0
0
0
0
153
0
0
0
0
0
0
0
0
0
0
0
0
0
0
0
0
0
673079351
31220117961591
0
0
0
0
0
0
0
0
0
101669059694837
0
0
0
0
0
0
0
0
0
0
7618
0
0
0
0
0
0
0
0
0
0
0
0
0
0
0
0
0
0
0
9914
0
0
0
0
0
0
0
0
0
255
0
0
0
0
0
0
0
0
0
190
0
0
0
0
0
0
0
0
0
0
0
0
0
0
0
0
0
31578
246982490099397
0
0
0
0
0
0
0
0
0
119845155059694
0
0
0
0
0
0
0
0
0
0
395
0
0
0
0
0
0
0
0
0
65535
0
0
0
0
0
0
0
0
0
12668
0
0
0
0
0
0
0
0
0
170
0
0
0
0
0
0
0
0
0
108
0
0
0
0
0
0
0
0
0
0
0
0
0
0
1551103722
450189026
3439364067
3488055399
10165363679232
0
0
0
0
0
0
0
0
0
220640001447903
0
0
0
0
0
0
0
0
0
0
3652
0
0
0
0
0
0
0
0
0
0
0
0
0
0
0
0
0
0
0
40993
0
0
0
0
0
0
0
0
0
170
0
0
0
0
0
0
0
0
0
40
0
0
0
0
0
0
0
0
0
0
0
0
0
0
3496759393
3819669259
3628331389
206100927
43062552072878
0
0
0
0
0
0
0
0
0
138080515913308
0
0
0
0
0
0
0
0
0
0
30177
0
0
0
0
0
0
0
0
0
0
0
0
0
0
0
0
0
0
0
20994
0
0
0
0
0
0
0
0
0
85
0
0
0
0
0
0
0
0
0
177
0
0
0
0
0
0
0
0
0
0
0
0
0
0
0
0
2725833496
2952413541
211734202479176
0
0
0
0
0
0
0
0
0
19757019661395
0
0
0
0
0
0
0
0
0
0
36519
0
0
0
0
0
0
0
0
0
65535
0
0
0
0
0
0
0
0
0
27319
0
0
0
0
0
0
0
0
0
85
0
0
0
0
0
0
0
0
0
221
0
0
0
0
0
0
0
0
0
0
0
0
0
0
0
0
1070976266
2650143327
65555198332670
0
0
0
0
0
0
0
0
0
139501587561869
0
0
0
0
0
0
0
0
0
0
8025
0
0
0
0
0
0
0
0
0
65535
0
0
0
0
0
0
0
0
0
37271
0
0
0
0
0
0
0
0
0
85
0
0
0
0
0
0
0
0
0
51
0
0
0
0
0
0
0
0
0
0
0
0
0
0
0
0
0
3787731146
210302755131971
0
0
0
0
0
0
0
0
0
157677502070652
0
0
0
0
0
0
0
0
0
0
55797
0
0
0
0
0
0
0
0
0
65535
0
0
0
0
0
0
0
0
0
13704
0
0
0
0
0
0
0
0
0
0
0
0
0
0
0
0
0
0
0
238
0
0
0
0
0
0
0
0
0
0
0
0
0
0
966977276
436685008
3879106626
269348601
216886250821896
0
0
0
0
0
0
0
0
0
142949892803040
0
0
0
0
0
0
0
0
0
0
29293
0
0
0
0
0
0
0
0
0
0
0
0
0
0
0
0
0
0
0
59868
0
0
0
0
0
0
0
0
0
255
0
0
0
0
0
0
0
0
0
177
0
0
0
0
0
0
0
0
0
0
0
0
0
0
0
0
0
220
238059554312954
0
0
0
0
0
0
0
0
0
253764309041528
0
0
0
0
0
0
0
0
0
0
17104
0
0
0
0
0
0
0
0
0
0
0
0
0
0
0
0
0
0
0
49116
0
0
0
0
0
0
0
0
0
85
0
0
0
0
0
0
0
0
0
204
0
0
0
0
0
0
0
0
0
0
0
0
0
0
0
0
0
69
2011566895681
0
0
0
0
0
0
0
0
0
50544240437282
0
0
0
0
0
0
0
0
0
0
45765
0
0
0
0
0
0
0
0
0
65535
0
0
0
0
0
0
0
0
0
53208
0
0
0
0
0
0
0
0
0
170
0
0
0
0
0
0
0
0
0
45
0
0
0
0
0
0
0
0
0
0
0
0
0
0
0
0
0
12414
25655999402056
0
0
0
0
0
0
0
0
0
140818507272992
0
0
0
0
0
0
0
0
0
0
37008
0
0
0
0
0
0
0
0
0
65535
0
0
0
0
0
0
0
0
0
23812
0
0
0
0
0
0
0
0
0
0
0
0
0
0
0
0
0
0
0
45
0
0
0
0
0
0
0
0
0
0
0
0
0
0
0
0
0
2796465591
13287399277833
0
0
0
0
0
0
0
0
0
92599690413052
0
0
0
0
0
0
0
0
0
0
12793
0
0
0
0
0
0
0
0
0
65535
0
0
0
0
0
0
0
0
0
48178
0
0
0
0
0
0
0
0
0
85
0
0
0
0
0
0
0
0
0
228
0
0
0
0
0
0
0
0
0
0
2308287629
4142821822
1624935099
3681996354
3860552383
916848771
3265828473
1667647703
87387554462738
0
0
0
0
0
0
0
0
0
144535860935303
0
0
0
0
0
0
0
0
0
0
55336
0
0
0
0
0
0
0
0
0
0
0
0
0
0
0
0
0
0
0
60078
0
0
0
0
0
0
0
0
0
85
0
0
0
0
0
0
0
0
0
195
0
0
0
0
0
0
0
0
0
0
0
0
0
0
0
0
1761206205
4197640178
276378751594374
0
0
0
0
0
0
0
0
0
235237883613608
0
0
0
0
0
0
0
0
0
0
26148
0
0
0
0
0
0
0
0
0
65535
0
0
0
0
0
0
0
0
0
56695
0
0
0
0
0
0
0
0
0
170
0
0
0
0
0
0
0
0
0
85
0
0
0
0
0
0
0
0
0
0
0
0
0
0
0
0
1880563464
1507510638
264222730347597
0
0
0
0
0
0
0
0
0
90227455272928
0
0
0
0
0
0
0
0
0
0
31442
0
0
0
0
0
0
0
0
0
65535
0
0
0
0
0
0
0
0
0
64430
0
0
0
0
0
0
0
0
0
255
0
0
0
0
0
0
0
0
0
165
0
0
0
0
0
0
0
0
0
0
0
0
0
0
0
0
0
1631276948
269098009468608
0
0
0
0
0
0
0
0
0
247224634123067
0
0
0
0
0
0
0
0
0
0
38871
0
0
0
0
0
0
0
0
0
65535
0
0
0
0
0
0
0
0
0
1690
0
0
0
0
0
0
0
0
0
255
0
0
0
0
0
0
0
0
0
136
0
0
0
0
0
0
0
0
0
0
0
0
0
0
0
0
970900996
2370014593
171383973439808
0
0
0
0
0
0
0
0
0
219035270896840
0
0
0
0
0
0
0
0
0
0
46445
0
0
0
0
0
0
0
0
0
65535
0
0
0
0
0
0
0
0
0
7905
0
0
0
0
0
0
0
0
0
255
0
0
0
0
0
0
0
0
0
130
0
0
0
0
0
0
0
0
0
0
0
0
0
0
0
0
0
58653
26882955061934
0
0
0
0
0
0
0
0
0
206578617933623
0
0
0
0
0
0
0
0
0
0
28639
0
0
0
0
0
0
0
0
0
65535
0
0
0
0
0
0
0
0
0
37878
0
0
0
0
0
0
0
0
0
255
0
0
0
0
0
0
0
0
0
78
0
0
0
0
0
0
0
0
0
0
1386545701
2725095007
833069886
751022583
1170663301
3808134331
2986072461
1121935251
223289683008645
0
0
0
0
0
0
0
0
0
183428682026193
0
0
0
0
0
0
0
0
0
0
7785
0
0
0
0
0
0
0
0
0
0
0
0
0
0
0
0
0
0
0
4665
0
0
0
0
0
0
0
0
0
170
0
0
0
0
0
0
0
0
0
215
0
0
0
0
0
0
0
0
0
0
0
0
0
0
0
0
1093625508
2130599594
277832526189590
0
0
0
0
0
0
0
0
0
14327262266470
0
0
0
0
0
0
0
0
0
0
24921
0
0
0
0
0
0
0
0
0
0
0
0
0
0
0
0
0
0
0
51519
0
0
0
0
0
0
0
0
0
170
0
0
0
0
0
0
0
0
0
150
0
0
0
0
0
0
0
0
0
0
0
0
0
0
0
0
0
2981762469
9413720317043
0
0
0
0
0
0
0
0
0
33418091870240
0
0
0
0
0
0
0
0
0
0
45047
0
0
0
0
0
0
0
0
0
65535
0
0
0
0
0
0
0
0
0
34855
0
0
0
0
0
0
0
0
0
0
0
0
0
0
0
0
0
0
0
165
0
0
0
0
0
0
0
0
0
0
0
0
0
0
0
0
0
172
22422927462454
0
0
0
0
0
0
0
0
0
1384599771194
0
0
0
0
0
0
0
0
0
0
32066
0
0
0
0
0
0
0
0
0
65535
0
0
0
0
0
0
0
0
0
32892
0
0
0
0
0
0
0
0
0
170
0
0
0
0
0
0
0
0
0
221
0
0
0
0
0
0
0
0
0
0
0
0
0
0
0
0
0
16
268612600524894
0
0
0
0
0
0
0
0
0
260000836615968
0
0
0
0
0
0
0
0
0
0
8615
0
0
0
0
0
0
0
0
0
65535
0
0
0
0
0
0
0
0
0
10555
0
0
0
0
0
0
0
0
0
255
0
0
0
0
0
0
0
0
0
141
0
0
0
0
0
0
0
0
0
0
0
0
0
0
0
0
2748416268
4070614734
227587315733957
0
0
0
0
0
0
0
0
0
143314225246031
0
0
0
0
0
0
0
0
0
0
64395
0
0
0
0
0
0
0
0
0
65535
0
0
0
0
0
0
0
0
0
3273
0
0
0
0
0
0
0
0
0
0
0
0
0
0
0
0
0
0
0
201
0
0
0
0
0
0
0
0
0
0
1172379812
555100838
3667161030
385324334
2892628026
3490848103
1427321916
575088922
269723647368445
0
0
0
0
0
0
0
0
0
143245202400697
0
0
0
0
0
0
0
0
0
0
37499
0
0
0
0
0
0
0
0
0
0
0
0
0
0
0
0
0
0
0
43846
0
0
0
0
0
0
0
0
0
85
0
0
0
0
0
0
0
0
0
201
0
0
0
0
0
0
0
0
0
0
2242514586
3781415686
578684985
443857329
1757651857
2815440610
1371837118
1671485248
255557439598986
0
0
0
0
0
0
0
0
0
8249008392480
0
0
0
0
0
0
0
0
0
0
25886
0
0
0
0
0
0
0
0
0
0
0
0
0
0
0
0
0
0
0
52975
0
0
0
0
0
0
0
0
0
0
0
0
0
0
0
0
0
0
0
187
0
0
0
0
0
0
0
0
0
0
0
0
0
0
0
0
0
1545856121
249127001112394
0
0
0
0
0
0
0
0
0
139785610328012
0
0
0
0
0
0
0
0
0
0
6561
0
0
0
0
0
0
0
0
0
0
0
0
0
0
0
0
0
0
0
15202
0
0
0
0
0
0
0
0
0
85
0
0
0
0
0
0
0
0
0
68
0
0
0
0
0
0
0
0
0
0
0
0
0
0
0
0
3781963261
1102870114
252076747972793
0
0
0
0
0
0
0
0
0
268727605790044
0
0
0
0
0
0
0
0
0
0
52457
0
0
0
0
0
0
0
0
0
0
0
0
0
0
0
0
0
0
0
64057
0
0
0
0
0
0
0
0
0
0
0
0
0
0
0
0
0
0
0
255
0
0
0
0
0
0
0
0
0
0
0
0
0
0
49324257
3807173307
2005464155
1303467845
15917192814892
0
0
0
0
0
0
0
0
0
217435563010104
0
0
0
0
0
0
0
0
0
0
41617
0
0
0
0
0
0
0
0
0
65535
0
0
0
0
0
0
0
0
0
43154
0
0
0
0
0
0
0
0
0
85
0
0
0
0
0
0
0
0
0
245
0
0
0
0
0
0
0
0
0
0
0
0
0
0
0
0
0
119499331
125662711173
0
0
0
0
0
0
0
0
0
32970449742522
0
0
0
0
0
0
0
0
0
0
7388
0
0
0
0
0
0
0
0
0
65535
0
0
0
0
0
0
0
0
0
43189
0
0
0
0
0
0
0
0
0
170
0
0
0
0
0
0
0
0
0
34
0
0
0
0
0
0
0
0
0
0
0
0
0
0
0
0
0
10257
187135750547933
0
0
0
0
0
0
0
0
0
26201873839072
0
0
0
0
0
0
0
0
0
0
31776
0
0
0
0
0
0
0
0
0
0
0
0
0
0
0
0
0
0
0
30507
0
0
0
0
0
0
0
0
0
0
0
0
0
0
0
0
0
0
0
198
0
0
0
0
0
0
0
0
0
0
0
0
0
0
0
0
0
0
83982639174791
0
0
0
0
0
0
0
0
0
103952075847711
0
0
0
0
0
0
0
0
0
0
17786
0
0
0
0
0
0
0
0
0
0
0
0
0
0
0
0
0
0
0
24495
0
0
0
0
0
0
0
0
0
170
0
0
0
0
0
0
0
0
0
201
0
0
0
0
0
0
0
0
0
0
0
0
0
0
0
0
0
12735
265118528670957
0
0
0
0
0
0
0
0
0
263230483893631
0
0
0
0
0
0
0
0
0
0
26238
0
0
0
0
0
0
0
0
0
65535
0
0
0
0
0
0
0
0
0
36787
0
0
0
0
0
0
0
0
0
255
0
0
0
0
0
0
0
0
0
180
0
0
0
0
0
0
0
0
0
0
0
0
0
0
566570817
3398426569
733109762
2941075228
231700651377537
0
0
0
0
0
0
0
0
0
136991844369027
0
0
0
0
0
0
0
0
0
0
22735
0
0
0
0
0
0
0
0
0
65535
0
0
0
0
0
0
0
0
0
4597
0
0
0
0
0
0
0
0
0
255
0
0
0
0
0
0
0
0
0
105
0
0
0
0
0
0
0
0
0
0
0
0
0
0
0
0
0
2908821486
264501195386184
0
0
0
0
0
0
0
0
0
179982206666719
0
0
0
0
0
0
0
0
0
0
36531
0
0
0
0
0
0
0
0
0
0
0
0
0
0
0
0
0
0
0
7782
0
0
0
0
0
0
0
0
0
0
0
0
0
0
0
0
0
0
0
54
0
0
0
0
0
0
0
0
0
0
0
0
0
0
0
0
0
3515941536
162925877329015
0
0
0
0
0
0
0
0
0
141527623053983
0
0
0
0
0
0
0
0
0
0
61979
0
0
0
0
0
0
0
0
0
65535
0
0
0
0
0
0
0
0
0
53519
0
0
0
0
0
0
0
0
0
85
0
0
0
0
0
0
0
0
0
238
0
0
0
0
0
0
0
0
0
0
0
0
0
0
0
0
0
50347
87516431014769
0
0
0
0
0
0
0
0
0
26543443645303
0
0
0
0
0
0
0
0
0
0
42890
0
0
0
0
0
0
0
0
0
65535
0
0
0
0
0
0
0
0
0
29859
0
0
0
0
0
0
0
0
0
170
0
0
0
0
0
0
0
0
0
228
0
0
0
0
0
0
0
0
0
0
0
0
0
0
0
0
0
47776
8651085463667
0
0
0
0
0
0
0
0
0
12782008429106
0
0
0
0
0
0
0
0
0
0
10150
0
0
0
0
0
0
0
0
0
65535
0
0
0
0
0
0
0
0
0
52969
0
0
0
0
0
0
0
0
0
0
0
0
0
0
0
0
0
0
0
57
0
0
0
0
0
0
0
0
0
0
0
0
0
0
0
0
2775457147
1446386923
255789497286635
0
0
0
0
0
0
0
0
0
138504631092475
0
0
0
0
0
0
0
0
0
0
8840
0
0
0
0
0
0
0
0
0
65535
0
0
0
0
0
0
0
0
0
52384
0
0
0
0
0
0
0
0
0
170
0
0
0
0
0
0
0
0
0
78
0
0
0
0
0
0
0
0
0
0
0
0
0
0
0
0
0
6133
174689208746445
0
0
0
0
0
0
0
0
0
194878806378554
0
0
0
0
0
0
0
0
0
0
56094
0
0
0
0
0
0
0
0
0
65535
0
0
0
0
0
0
0
0
0
64932
0
0
0
0
0
0
0
0
0
170
0
0
0
0
0
0
0
0
0
225
0
0
0
0
0
0
0
0
0
0
0
0
0
0
0
0
0
2882720582
280172170334666
0
0
0
0
0
0
0
0
0
95349339195724
0
0
0
0
0
0
0
0
0
0
27599
0
0
0
0
0
0
0
0
0
0
0
0
0
0
0
0
0
0
0
25349
0
0
0
0
0
0
0
0
0
170
0
0
0
0
0
0
0
0
0
156
0
0
0
0
0
0
0
0
0
0
0
0
0
0
0
0
0
125
80324410851254
0
0
0
0
0
0
0
0
0
16596030439983
0
0
0
0
0
0
0
0
0
0
12290
0
0
0
0
0
0
0
0
0
65535
0
0
0
0
0
0
0
0
0
30532
0
0
0
0
0
0
0
0
0
0
0
0
0
0
0
0
0
0
0
95
0
0
0
0
0
0
0
0
0
0
0
0
0
0
0
0
0
2305104754
101282123022906
0
0
0
0
0
0
0
0
0
114441447148128
0
0
0
0
0
0
0
0
0
0
15459
0
0
0
0
0
0
0
0
0
0
0
0
0
0
0
0
0
0
0
3466
0
0
0
0
0
0
0
0
0
85
0
0
0
0
0
0
0
0
0
210
0
0
0
0
0
0
0
0
0
0
0
0
0
0
2474109623
1941625904
171052718
3923148443
275999343227
0
0
0
0
0
0
0
0
0
8142712783879
0
0
0
0
0
0
0
0
0
0
55391
0
0
0
0
0
0
0
0
0
0
0
0
0
0
0
0
0
0
0
42399
0
0
0
0
0
0
0
0
0
0
0
0
0
0
0
0
0
0
0
153
0
0
0
0
0
0
0
0
0
0
0
0
0
0
0
0
0
34335
246621517578385
0
0
0
0
0
0
0
0
0
234153499822071
0
0
0
0
0
0
0
0
0
0
54988
0
0
0
0
0
0
0
0
0
65535
0
0
0
0
0
0
0
0
0
26755
0
0
0
0
0
0
0
0
0
0
0
0
0
0
0
0
0
0
0
65
0
0
0
0
0
0
0
0
0
0
0
0
0
0
1477291276
2504370171
3072866007
3124661114
70301362770195
0
0
0
0
0
0
0
0
0
22035331244220
0
0
0
0
0
0
0
0
0
0
24028
0
0
0
0
0
0
0
0
0
0
0
0
0
0
0
0
0
0
0
29974
0
0
0
0
0
0
0
0
0
85
0
0
0
0
0
0
0
0
0
119
0
0
0
0
0
0
0
0
0
0
2380949311
2568042839
2243453485
1485741816
935752913
2378507057
4060192136
182868380
238295391424527
0
0
0
0
0
0
0
0
0
177355832939465
0
0
0
0
0
0
0
0
0
0
32617
0
0
0
0
0
0
0
0
0
0
0
0
0
0
0
0
0
0
0
59906
0
0
0
0
0
0
0
0
0
0
0
0
0
0
0
0
0
0
0
45
0
0
0
0
0
0
0
0
0
0
0
0
0
0
0
0
0
39
57235908066112
0
0
0
0
0
0
0
0
0
136749797343894
0
0
0
0
0
0
0
0
0
0
62742
0
0
0
0
0
0
0
0
0
65535
0
0
0
0
0
0
0
0
0
41875
0
0
0
0
0
0
0
0
0
255
0
0
0
0
0
0
0
0
0
210
0
0
0
0
0
0
0
0
0
0
0
0
0
0
0
0
0
221
195439581483443
0
0
0
0
0
0
0
0
0
141364962396114
0
0
0
0
0
0
0
0
0
0
21774
0
0
0
0
0
0
0
0
0
65535
0
0
0
0
0
0
0
0
0
6421
0
0
0
0
0
0
0
0
0
85
0
0
0
0
0
0
0
0
0
108
0
0
0
0
0
0
0
0
0
0
0
0
0
0
1060445864
867351103
3508790128
219641891
22820038889914
0
0
0
0
0
0
0
0
0
38087154820978
0
0
0
0
0
0
0
0
0
0
27856
0
0
0
0
0
0
0
0
0
0
0
0
0
0
0
0
0
0
0
29279
0
0
0
0
0
0
0
0
0
255
0
0
0
0
0
0
0
0
0
15
0
0
0
0
0
0
0
0
0
0
0
0
0
0
3633843789
1582221234
2591662543
3924217066
17727894609350
0
0
0
0
0
0
0
0
0
138516461780287
0
0
0
0
0
0
0
0
0
0
11244
0
0
0
0
0
0
0
0
0
65535
0
0
0
0
0
0
0
0
0
54932
0
0
0
0
0
0
0
0
0
170
0
0
0
0
0
0
0
0
0
95
0
0
0
0
0
0
0
0
0
0
0
0
0
0
0
0
2228392349
3276535581
25967158690730
0
0
0
0
0
0
0
0
0
259357507778245
0
0
0
0
0
0
0
0
0
0
29795
0
0
0
0
0
0
0
0
0
65535
0
0
0
0
0
0
0
0
0
46446
0
0
0
0
0
0
0
0
0
170
0
0
0
0
0
0
0
0
0
27
0
0
0
0
0
0
0
0
0
0
0
0
0
0
0
0
1222961543
1160216578
281205631057179
0
0
0
0
0
0
0
0
0
271133447787386
0
0
0
0
0
0
0
0
0
0
36788
0
0
0
0
0
0
0
0
0
65535
0
0
0
0
0
0
0
0
0
61093
0
0
0
0
0
0
0
0
0
85
0
0
0
0
0
0
0
0
0
0
0
0
0
0
0
0
0
0
0
0
2657024849
1276140052
1684561474
2806485817
1486926036
145916239
3569065801
1539684258
238582375677388
0
0
0
0
0
0
0
0
0
41843777058875
0
0
0
0
0
0
0
0
0
0
23406
0
0
0
0
0
0
0
0
0
65535
0
0
0
0
0
0
0
0
0
36322
0
0
0
0
0
0
0
0
0
85
0
0
0
0
0
0
0
0
0
135
0
0
0
0
0
0
0
0
0
0
0
0
0
0
0
0
0
44392
75054651591379
0
0
0
0
0
0
0
0
0
12678200591771
0
0
0
0
0
0
0
0
0
0
37519
0
0
0
0
0
0
0
0
0
65535
0
0
0
0
0
0
0
0
0
48940
0
0
0
0
0
0
0
0
0
85
0
0
0
0
0
0
0
0
0
65
0
0
0
0
0
0
0
0
0
0
0
0
0
0
2882411873
1765598152
307059921
714470669
85132743262989
0
0
0
0
0
0
0
0
0
138124361071162
0
0
0
0
0
0
0
0
0
0
38450
0
0
0
0
0
0
0
0
0
0
0
0
0
0
0
0
0
0
0
63281
0
0
0
0
0
0
0
0
0
255
0
0
0
0
0
0
0
0
0
15
0
0
0
0
0
0
0
0
0
0
335800204
2115055684
786453068
3131615070
633483121
2026066327
3928900414
972541298
5422265915212
0
0
0
0
0
0
0
0
0
19802052638696
0
0
0
0
0
0
0
0
0
0
30695
0
0
0
0
0
0
0
0
0
65535
0
0
0
0
0
0
0
0
0
29719
0
0
0
0
0
0
0
0
0
170
0
0
0
0
0
0
0
0
0
130
0
0
0
0
0
0
0
0
0
0
3074323299
2109317080
1413674596
540460191
2901325333
3189746586
2104306112
3327986379
57455904236043
0
0
0
0
0
0
0
0
0
141664852052511
0
0
0
0
0
0
0
0
0
0
18518
0
0
0
0
0
0
0
0
0
65535
0
0
0
0
0
0
0
0
0
17461
0
0
0
0
0
0
0
0
0
0
0
0
0
0
0
0
0
0
0
135
0
0
0
0
0
0
0
0
0
0
0
0
0
0
0
0
0
5448
101426453303316
0
0
0
0
0
0
0
0
0
139517455225581
0
0
0
0
0
0
0
0
0
0
64455
0
0
0
0
0
0
0
0
0
65535
0
0
0
0
0
0
0
0
0
741
0
0
0
0
0
0
0
0
0
85
0
0
0
0
0
0
0
0
0
51
0
0
0
0
0
0
0
0
0
0
0
0
0
0
0
0
0
33555
276321950223047
0
0
0
0
0
0
0
0
0
140854283141879
0
0
0
0
0
0
0
0
0
0
34451
0
0
0
0
0
0
0
0
0
65535
0
0
0
0
0
0
0
0
0
40373
0
0
0
0
0
0
0
0
0
255
0
0
0
0
0
0
0
0
0
65
0
0
0
0
0
0
0
0
0
0
0
0
0
0
0
0
0
4134360789
207680274384265
0
0
0
0
0
0
0
0
0
105190172273482
0
0
0
0
0
0
0
0
0
0
1756
0
0
0
0
0
0
0
0
0
65535
0
0
0
0
0
0
0
0
0
45939
0
0
0
0
0
0
0
0
0
0
0
0
0
0
0
0
0
0
0
90
0
0
0
0
0
0
0
0
0
0
0
0
0
0
0
0
0
842462612
134581877134194
0
0
0
0
0
0
0
0
0
4796376107066
0
0
0
0
0
0
0
0
0
0
17292
0
0
0
0
0
0
0
0
0
65535
0
0
0
0
0
0
0
0
0
64793
0
0
0
0
0
0
0
0
0
0
0
0
0
0
0
0
0
0
0
95
0
0
0
0
0
0
0
0
0
0
0
0
0
0
46202063
1041661236
2932411200
1163244
52511344364102
0
0
0
0
0
0
0
0
0
61057239480288
0
0
0
0
0
0
0
0
0
0
33297
0
0
0
0
0
0
0
0
0
0
0
0
0
0
0
0
0
0
0
45015
0
0
0
0
0
0
0
0
0
85
0
0
0
0
0
0
0
0
0
160
0
0
0
0
0
0
0
0
0
0
0
0
0
0
0
0
0
31303
35822303212851
0
0
0
0
0
0
0
0
0
12679588901934
0
0
0
0
0
0
0
0
0
0
18077
0
0
0
0
0
0
0
0
0
65535
0
0
0
0
0
0
0
0
0
51129
0
0
0
0
0
0
0
0
0
255
0
0
0
0
0
0
0
0
0
160
0
0
0
0
0
0
0
0
0
0
0
0
0
0
0
0
68323729
1766194210
224511912764034
0
0
0
0
0
0
0
0
0
194509732494877
0
0
0
0
0
0
0
0
0
0
61695
0
0
0
0
0
0
0
0
0
65535
0
0
0
0
0
0
0
0
0
3474
0
0
0
0
0
0
0
0
0
0
0
0
0
0
0
0
0
0
0
30
0
0
0
0
0
0
0
0
0
0
0
0
0
0
0
0
0
60028
61235279954377
0
0
0
0
0
0
0
0
0
154865263053727
0
0
0
0
0
0
0
0
0
0
33855
0
0
0
0
0
0
0
0
0
0
0
0
0
0
0
0
0
0
0
60072
0
0
0
0
0
0
0
0
0
170
0
0
0
0
0
0
0
0
0
153
0
0
0
0
0
0
0
0
0
0
0
0
0
0
625458981
566243580
1147443414
3373615888
215429052114169
0
0
0
0
0
0
0
0
0
138733462438028
0
0
0
0
0
0
0
0
0
0
30973
0
0
0
0
0
0
0
0
0
0
0
0
0
0
0
0
0
0
0
32748
0
0
0
0
0
0
0
0
0
85
0
0
0
0
0
0
0
0
0
119
0
0
0
0
0
0
0
0
0
0
4169028952
2910709402
1997392622
3849344898
531015551
1252163153
4111419366
120690942
264591680491879
0
0
0
0
0
0
0
0
0
137748148863877
0
0
0
0
0
0
0
0
0
0
28102
0
0
0
0
0
0
0
0
0
65535
0
0
0
0
0
0
0
0
0
33627
0
0
0
0
0
0
0
0
0
170
0
0
0
0
0
0
0
0
0
255
0
0
0
0
0
0
0
0
0
0
0
0
0
0
0
0
0
4204689568
97849103352315
0
0
0
0
0
0
0
0
0
225778361338644
0
0
0
0
0
0
0
0
0
0
45646
0
0
0
0
0
0
0
0
0
65535
0
0
0
0
0
0
0
0
0
3516
0
0
0
0
0
0
0
0
0
255
0
0
0
0
0
0
0
0
0
215
0
0
0
0
0
0
0
0
0
0
0
0
0
0
0
0
0
839728923
93177570911344
0
0
0
0
0
0
0
0
0
147399242551254
0
0
0
0
0
0
0
0
0
0
43201
0
0
0
0
0
0
0
0
0
65535
0
0
0
0
0
0
0
0
0
34882
0
0
0
0
0
0
0
0
0
0
0
0
0
0
0
0
0
0
0
5
0
0
0
0
0
0
0
0
0
0
0
0
0
0
2118638563
311919051
3449331451
2231597805
131341040062078
0
0
0
0
0
0
0
0
0
139348854836341
0
0
0
0
0
0
0
0
0
0
28076
0
0
0
0
0
0
0
0
0
65535
0
0
0
0
0
0
0
0
0
13887
0
0
0
0
0
0
0
0
0
255
0
0
0
0
0
0
0
0
0
57
0
0
0
0
0
0
0
0
0
0
0
0
0
0
0
0
0
32249
49333072330748
0
0
0
0
0
0
0
0
0
2795470736415
0
0
0
0
0
0
0
0
0
0
52526
0
0
0
0
0
0
0
0
0
65535
0
0
0
0
0
0
0
0
0
1345
0
0
0
0
0
0
0
0
0
170
0
0
0
0
0
0
0
0
0
34
0
0
0
0
0
0
0
0
0
0
0
0
0
0
0
0
0
3819639321
74237822669355
0
0
0
0
0
0
0
0
0
139551347592162
0
0
0
0
0
0
0
0
0
0
26886
0
0
0
0
0
0
0
0
0
0
0
0
0
0
0
0
0
0
0
41869
0
0
0
0
0
0
0
0
0
0
0
0
0
0
0
0
0
0
0
15
0
0
0
0
0
0
0
0
0
0
0
0
0
0
0
0
0
241
4880137235513
0
0
0
0
0
0
0
0
0
138534363820226
0
0
0
0
0
0
0
0
0
0
35900
0
0
0
0
0
0
0
0
0
0
0
0
0
0
0
0
0
0
0
32017
0
0
0
0
0
0
0
0
0
85
0
0
0
0
0
0
0
0
0
10
0
0
0
0
0
0
0
0
0
0
0
0
0
0
0
0
0
249
190171680068754
0
0
0
0
0
0
0
0
0
138586439292989
0
0
0
0
0
0
0
0
0
0
19496
0
0
0
0
0
0
0
0
0
65535
0
0
0
0
0
0
0
0
0
65059
0
0
0
0
0
0
0
0
0
85
0
0
0
0
0
0
0
0
0
130
0
0
0
0
0
0
0
0
0
0
0
0
0
0
0
0
0
88
74283626672323
0
0
0
0
0
0
0
0
0
143348302739453
0
0
0
0
0
0
0
0
0
0
18894
0
0
0
0
0
0
0
0
0
65535
0
0
0
0
0
0
0
0
0
39599
0
0
0
0
0
0
0
0
0
170
0
0
0
0
0
0
0
0
0
40
0
0
0
0
0
0
0
0
0
0
0
0
0
0
0
0
0
41
35731726053050
0
0
0
0
0
0
0
0
0
59339809616159
0
0
0
0
0
0
0
0
0
0
27118
0
0
0
0
0
0
0
0
0
65535
0
0
0
0
0
0
0
0
0
55313
0
0
0
0
0
0
0
0
0
170
0
0
0
0
0
0
0
0
0
228
0
0
0
0
0
0
0
0
0
0
0
0
0
0
0
0
0
163
230568961757640
0
0
0
0
0
0
0
0
0
208953707173856
0
0
0
0
0
0
0
0
0
0
19347
0
0
0
0
0
0
0
0
0
65535
0
0
0
0
0
0
0
0
0
44692
0
0
0
0
0
0
0
0
0
170
0
0
0
0
0
0
0
0
0
75
0
0
0
0
0
0
0
0
0
0
0
0
0
0
1734913328
1733287365
3971041211
2143461075
171585786478004
0
0
0
0
0
0
0
0
0
109194703162777
0
0
0
0
0
0
0
0
0
0
4251
0
0
0
0
0
0
0
0
0
0
0
0
0
0
0
0
0
0
0
5106
0
0
0
0
0
0
0
0
0
0
0
0
0
0
0
0
0
0
0
75
0
0
0
0
0
0
0
0
0
0
0
0
0
0
2616170621
2567262969
4038306275
3039829531
50935866276619
0
0
0
0
0
0
0
0
0
143318026639104
0
0
0
0
0
0
0
0
0
0
47443
0
0
0
0
0
0
0
0
0
0
0
0
0
0
0
0
0
0
0
54204
0
0
0
0
0
0
0
0
0
170
0
0
0
0
0
0
0
0
0
51
0
0
0
0
0
0
0
0
0
0
0
0
0
0
0
0
0
17
61904449183613
0
0
0
0
0
0
0
0
0
68547535564896
0
0
0
0
0
0
0
0
0
0
34410
0
0
0
0
0
0
0
0
0
65535
0
0
0
0
0
0
0
0
0
5921
0
0
0
0
0
0
0
0
0
255
0
0
0
0
0
0
0
0
0
175
0
0
0
0
0
0
0
0
0
0
0
0
0
0
14658450
383007301
1665876775
4051314696
233709548163141
0
0
0
0
0
0
0
0
0
31438615213069
0
0
0
0
0
0
0
0
0
0
32536
0
0
0
0
0
0
0
0
0
0
0
0
0
0
0
0
0
0
0
14978
0
0
0
0
0
0
0
0
0
255
0
0
0
0
0
0
0
0
0
5
0
0
0
0
0
0
0
0
0
0
0
0
0
0
3077370220
2767724626
4190516537
2604887157
97796909659575
0
0
0
0
0
0
0
0
0
198391208392659
0
0
0
0
0
0
0
0
0
0
34324
0
0
0
0
0
0
0
0
0
65535
0
0
0
0
0
0
0
0
0
19469
0
0
0
0
0
0
0
0
0
0
0
0
0
0
0
0
0
0
0
17
0
0
0
0
0
0
0
0
0
0
0
0
0
0
0
0
0
229
2406088748600
0
0
0
0
0
0
0
0
0
109638663933152
0
0
0
0
0
0
0
0
0
0
55552
0
0
0
0
0
0
0
0
0
65535
0
0
0
0
0
0
0
0
0
57358
0
0
0
0
0
0
0
0
0
85
0
0
0
0
0
0
0
0
0
175
0
0
0
0
0
0
0
0
0
0
0
0
0
0
0
0
1309045170
2855362986
61234757813300
0
0
0
0
0
0
0
0
0
142145182128187
0
0
0
0
0
0
0
0
0
0
25519
0
0
0
0
0
0
0
0
0
65535
0
0
0
0
0
0
0
0
0
39963
0
0
0
0
0
0
0
0
0
0
0
0
0
0
0
0
0
0
0
85
0
0
0
0
0
0
0
0
0
0
2471173412
2746066729
4257987590
1073725118
3305269548
521631898
3053097307
890126231
276958381873
0
0
0
0
0
0
0
0
0
122874827509247
0
0
0
0
0
0
0
0
0
0
48999
0
0
0
0
0
0
0
0
0
65535
0
0
0
0
0
0
0
0
0
25607
0
0
0
0
0
0
0
0
0
255
0
0
0
0
0
0
0
0
0
68
0
0
0
0
0
0
0
0
0
0
0
0
0
0
0
0
0
2620326241
171782531117506
0
0
0
0
0
0
0
0
0
254817045813664
0
0
0
0
0
0
0
0
0
0
9850
0
0
0
0
0
0
0
0
0
65535
0
0
0
0
0
0
0
0
0
25542
0
0
0
0
0
0
0
0
0
255
0
0
0
0
0
0
0
0
0
215
0
0
0
0
0
0
0
0
0
0
0
0
0
0
0
0
111319377
1721627348
26893242093695
0
0
0
0
0
0
0
0
0
12463743824927
0
0
0
0
0
0
0
0
0
0
46194
0
0
0
0
0
0
0
0
0
65535
0
0
0
0
0
0
0
0
0
15598
0
0
0
0
0
0
0
0
0
0
0
0
0
0
0
0
0
0
0
95
0
0
0
0
0
0
0
0
0
0
0
0
0
0
0
0
0
2702890525
268268607905538
0
0
0
0
0
0
0
0
0
87834840905268
0
0
0
0
0
0
0
0
0
0
42285
0
0
0
0
0
0
0
0
0
65535
0
0
0
0
0
0
0
0
0
44379
0
0
0
0
0
0
0
0
0
255
0
0
0
0
0
0
0
0
0
114
0
0
0
0
0
0
0
0
0
0
3554624769
4060016929
1873909269
2137981323
193594829
1866187595
1447812747
765535255
185265493213596
0
0
0
0
0
0
0
0
0
136304220717075
0
0
0
0
0
0
0
0
0
0
9241
0
0
0
0
0
0
0
0
0
65535
0
0
0
0
0
0
0
0
0
33721
0
0
0
0
0
0
0
0
0
85
0
0
0
0
0
0
0
0
0
68
0
0
0
0
0
0
0
0
0
0
3326785546
1089711421
3482493469
2224083278
1724939725
463461641
747853537
1465927895
21183674933569
0
0
0
0
0
0
0
0
0
178117099752863
0
0
0
0
0
0
0
0
0
0
13046
0
0
0
0
0
0
0
0
0
0
0
0
0
0
0
0
0
0
0
44517
0
0
0
0
0
0
0
0
0
85
0
0
0
0
0
0
0
0
0
177
0
0
0
0
0
0
0
0
0
0
0
0
0
0
2531646421
3708764919
1982819039
2191116090
259338776333591
0
0
0
0
0
0
0
0
0
107514322199855
0
0
0
0
0
0
0
0
0
0
9906
0
0
0
0
0
0
0
0
0
0
0
0
0
0
0
0
0
0
0
19538
0
0
0
0
0
0
0
0
0
170
0
0
0
0
0
0
0
0
0
125
0
0
0
0
0
0
0
0
0
0
0
0
0
0
0
0
0
9424
280213615345166
0
0
0
0
0
0
0
0
0
138545481252511
0
0
0
0
0
0
0
0
0
0
3169
0
0
0
0
0
0
0
0
0
65535
0
0
0
0
0
0
0
0
0
40840
0
0
0
0
0
0
0
0
0
85
0
0
0
0
0
0
0
0
0
15
0
0
0
0
0
0
0
0
0
0
238802451
456549901
3926141972
2818708505
3577827250
1550654601
3967941891
4262216127
233759075413566
0
0
0
0
0
0
0
0
0
138572279332586
0
0
0
0
0
0
0
0
0
0
40739
0
0
0
0
0
0
0
0
0
65535
0
0
0
0
0
0
0
0
0
50871
0
0
0
0
0
0
0
0
0
0
0
0
0
0
0
0
0
0
0
78
0
0
0
0
0
0
0
0
0
0
0
0
0
0
0
0
0
3132695705
79284980498733
0
0
0
0
0
0
0
0
0
222097084670211
0
0
0
0
0
0
0
0
0
0
32212
0
0
0
0
0
0
0
0
0
65535
0
0
0
0
0
0
0
0
0
24410
0
0
0
0
0
0
0
0
0
85
0
0
0
0
0
0
0
0
0
228
0
0
0
0
0
0
0
0
0
0
0
0
0
0
2328702993
3867559340
3698754747
2384773091
26655520692687
0
0
0
0
0
0
0
0
0
261717592106016
0
0
0
0
0
0
0
0
0
0
24221
0
0
0
0
0
0
0
0
0
65535
0
0
0
0
0
0
0
0
0
52179
0
0
0
0
0
0
0
0
0
255
0
0
0
0
0
0
0
0
0
68
0
0
0
0
0
0
0
0
0
0
0
0
0
0
0
0
0
238
83497359533120
0
0
0
0
0
0
0
0
0
143073416420035
0
0
0
0
0
0
0
0
0
0
9474
0
0
0
0
0
0
0
0
0
0
0
0
0
0
0
0
0
0
0
6890
0
0
0
0
0
0
0
0
0
85
0
0
0
0
0
0
0
0
0
15
0
0
0
0
0
0
0
0
0
0
0
0
0
0
0
0
0
4260857254
259594279473342
0
0
0
0
0
0
0
0
0
235258452718520
0
0
0
0
0
0
0
0
0
0
21489
0
0
0
0
0
0
0
0
0
65535
0
0
0
0
0
0
0
0
0
3585
0
0
0
0
0
0
0
0
0
85
0
0
0
0
0
0
0
0
0
135
0
0
0
0
0
0
0
0
0
0
0
0
0
0
0
0
0
120
56875129143166
0
0
0
0
0
0
0
0
0
57617605455072
0
0
0
0
0
0
0
0
0
0
29554
0
0
0
0
0
0
0
0
0
65535
0
0
0
0
0
0
0
0
0
14698
0
0
0
0
0
0
0
0
0
0
0
0
0
0
0
0
0
0
0
80
0
0
0
0
0
0
0
0
0
0
0
0
0
0
0
0
0
5078
