4191667080
3248328558
2149843453
0
0
0
0
0
0
0
0
0
0
2332969608
2060476583
2133711007
187
16
0
0
0
0
0
0
0
0
3837121592
1420660085
2783024506
0
80
0
0
0
0
0
0
0
0
2089262699
821786083
685135066
0
32
0
0
0
0
0
0
0
0
2294449988
2527710453
2115329041
0
48
0
0
0
0
0
0
0
0
1681762040
840762698
2821674396
0
96
0
0
0
0
0
0
0
0
3693265084
1644104952
1403330495
0
112
0
0
0
0
0
0
0
0
0
0
0
0
164
0
0
0
18473
0
0
0
24631
1752276146
1472264984
424594899
0
0
0
0
0
0
0
0
0
0
3365697628
2071928903
1587723366
199
16
0
0
0
0
0
0
0
0
209021943
1652018005
493968128
0
80
0
0
0
0
0
0
0
0
1575863509
1283789067
3715577962
0
32
0
0
0
0
0
0
0
0
348996463
3221473450
1642199111
0
48
0
0
0
0
0
0
0
0
2320231744
3151452697
2722768060
0
96
0
0
0
0
0
0
0
0
3991700171
3495881401
1077874669
0
112
0
0
0
0
0
0
0
0
0
0
0
0
162
0
0
0
33
0
0
0
90
3787290267
3362362871
679197051
0
0
0
0
0
0
0
0
0
0
821555382
3062414979
2243815373
43
16
0
0
0
0
0
0
0
0
1976895528
342264001
277088443
0
80
0
0
0
0
0
0
0
0
3987497718
3425068159
2767037178
0
32
0
0
0
0
0
0
0
0
1216193892
2196247227
902477003
0
48
0
0
0
0
0
0
0
0
1637689292
257478603
2366973033
0
96
0
0
0
0
0
0
0
0
1880277659
1461713110
1057007589
0
112
0
0
0
0
0
0
0
0
0
0
0
0
168
0
0
2440261897
3576878725
0
0
3439364067
3488055399
1479159062
1984831316
41158784
0
0
0
0
0
0
0
0
0
0
3885928650
430333211
959809876
61
16
0
0
0
0
0
0
0
0
1346602666
3424392962
2537727168
0
80
0
0
0
0
0
0
0
0
1574532401
3320401092
1197687778
0
32
0
0
0
0
0
0
0
0
2894011713
2753233034
1098205115
0
48
0
0
0
0
0
0
0
0
50927624
571956223
2693983499
0
96
0
0
0
0
0
0
0
0
93980645
1170970489
918498357
0
112
0
0
0
0
0
0
0
0
0
0
0
0
168
0
0
137339164
4024655540
0
0
3628331389
206100927
3731558017
1913308058
1591346670
0
0
0
0
0
0
0
0
0
0
2083462503
3400637126
2484730372
11
16
0
0
0
0
0
0
0
0
1262301510
54506413
2299819175
0
80
0
0
0
0
0
0
0
0
1404116718
3040434209
2837464489
0
32
0
0
0
0
0
0
0
0
1852040221
1788046372
1231379671
0
48
0
0
0
0
0
0
0
0
1587383160
914462986
2396230128
0
96
0
0
0
0
0
0
0
0
3299362677
3480048611
3951386770
0
112
0
0
0
0
0
0
0
0
0
0
0
0
166
0
0
0
226667133
0
0
0
2952413541
3248350240
2370563228
1898226186
0
0
0
0
0
0
0
0
0
0
2978108970
2358836350
1911608071
46
16
0
0
0
0
0
0
0
0
3367390874
1547946202
1378226042
0
80
0
0
0
0
0
0
0
0
2764081639
185181447
419101131
0
32
0
0
0
0
0
0
0
0
2135941065
2853883180
2151096191
0
48
0
0
0
0
0
0
0
0
939261654
378577097
1352016195
0
96
0
0
0
0
0
0
0
0
3471034270
3265710391
1409970726
0
112
0
0
0
0
0
0
0
0
0
0
0
0
166
0
0
0
2720020309
0
0
0
2650143327
966493967
3745429043
740013246
0
0
0
0
0
0
0
0
0
0
32630593
55260945
2908808026
63
16
0
0
0
0
0
0
0
0
1948495019
729236421
2898539238
0
80
0
0
0
0
0
0
0
0
3000746437
773968754
3003462346
0
32
0
0
0
0
0
0
0
0
3769023515
3882739826
621981218
0
48
0
0
0
0
0
0
0
0
474559103
70412890
2306764777
0
96
0
0
0
0
0
0
0
0
904638233
1274484704
1116255630
0
112
0
0
0
0
0
0
0
0
0
0
0
0
164
0
0
0
53518
0
0
0
12490
1458844834
3650289823
1260748659
0
0
0
0
0
0
0
0
0
0
2746589286
1101896941
1955182998
60
16
0
0
0
0
0
0
0
0
2522933908
2712251037
1765979879
0
80
0
0
0
0
0
0
0
0
3655595782
3202948867
3767313094
0
32
0
0
0
0
0
0
0
0
345909044
595313988
2626238217
0
48
0
0
0
0
0
0
0
0
3049408248
921613848
240286020
0
96
0
0
0
0
0
0
0
0
2668284399
2287656108
2081193755
0
112
0
0
0
0
0
0
0
0
0
0
0
0
168
0
0
3734281918
168470057
0
0
3879106626
269348601
2132089830
2612872112
4085137942
0
0
0
0
0
0
0
0
0
0
1053189632
3223138052
3743344226
255
16
0
0
0
0
0
0
0
0
654293584
512892904
97945460
0
80
0
0
0
0
0
0
0
0
1634736900
4167166244
3750941038
0
32
0
0
0
0
0
0
0
0
2412416689
3220810321
682528974
0
48
0
0
0
0
0
0
0
0
3242271362
1880393427
2130168200
0
96
0
0
0
0
0
0
0
0
2379984212
1936122316
2154972111
0
112
0
0
0
0
0
0
0
0
0
0
0
0
160
0
0
0
1
0
0
0
12
2158819385
399481697
4085733702
0
0
0
0
0
0
0
0
0
0
538246963
3268452490
1261412849
232
16
0
0
0
0
0
0
0
0
1671448137
3713572608
2920645255
0
80
0
0
0
0
0
0
0
0
2356065551
3608022493
1029220115
0
32
0
0
0
0
0
0
0
0
2305387739
3367671687
2128818827
0
48
0
0
0
0
0
0
0
0
1012794906
2107870647
1486022592
0
96
0
0
0
0
0
0
0
0
2191801498
3742788613
2604407071
0
112
0
0
0
0
0
0
0
0
0
0
0
0
160
0
0
0
1
0
0
0
5
4027113610
4137654564
1782620149
0
0
0
0
0
0
0
0
0
0
1170721726
1887533266
2077666795
148
16
0
0
0
0
0
0
0
0
3021533520
3385953907
2237612149
0
80
0
0
0
0
0
0
0
0
2999874443
3626225136
3355717070
0
32
0
0
0
0
0
0
0
0
2606208986
3198199649
1803861765
0
48
0
0
0
0
0
0
0
0
630067501
2349357830
2368471588
0
96
0
0
0
0
0
0
0
0
891047558
2508952073
4227984023
0
112
0
0
0
0
0
0
0
0
0
0
0
0
162
0
0
0
78
0
0
0
126
359485322
2688574182
2986271496
0
0
0
0
0
0
0
0
0
0
1580914318
4019943063
2270914296
181
16
0
0
0
0
0
0
0
0
3977556501
1736750486
2925068801
0
80
0
0
0
0
0
0
0
0
1787887866
2824653770
1914923103
0
32
0
0
0
0
0
0
0
0
644002063
3572970999
3710361818
0
48
0
0
0
0
0
0
0
0
2036483885
1597197011
1893008068
0
96
0
0
0
0
0
0
0
0
1425740270
99199787
2174983251
0
112
0
0
0
0
0
0
0
0
0
0
0
0
164
0
0
0
2841
0
0
0
44471
3956866986
938888779
458321376
0
0
0
0
0
0
0
0
0
0
3226888818
1334651697
2036560258
173
16
0
0
0
0
0
0
0
0
955166317
3581449005
781805538
0
80
0
0
0
0
0
0
0
0
2977004691
2949869183
848386370
0
32
0
0
0
0
0
0
0
0
2227008482
3078508920
609864029
0
48
0
0
0
0
0
0
0
0
456648266
3060739241
2231620993
0
96
0
0
0
0
0
0
0
0
3472768326
1980900089
2285714974
0
112
0
0
0
0
0
0
0
0
0
0
0
0
170
1871640114
3225973053
2725387458
3088090773
3860552383
916848771
3265828473
1667647703
2799556722
2686675103
1656878227
0
0
0
0
0
0
0
0
0
0
1669605149
2259870488
1592676990
182
16
0
0
0
0
0
0
0
0
2920332244
576675087
468271937
0
80
0
0
0
0
0
0
0
0
121070077
3943130776
91078962
0
32
0
0
0
0
0
0
0
0
2743963040
2610206730
3706436767
0
48
0
0
0
0
0
0
0
0
348367178
4027321188
1072902625
0
96
0
0
0
0
0
0
0
0
3871738977
707726630
3848339351
0
112
0
0
0
0
0
0
0
0
0
0
0
0
166
0
0
0
2462791759
0
0
0
4197640178
169347923
1407349055
34222472
0
0
0
0
0
0
0
0
0
0
3756364647
397971737
3207667752
15
16
0
0
0
0
0
0
0
0
1120437570
256532799
2556125447
0
80
0
0
0
0
0
0
0
0
441415148
3461916650
3015601389
0
32
0
0
0
0
0
0
0
0
926396294
3023262460
2791226224
0
48
0
0
0
0
0
0
0
0
1975295920
1085018325
1532385333
0
96
0
0
0
0
0
0
0
0
132393000
327149391
3482987993
0
112
0
0
0
0
0
0
0
0
0
0
0
0
166
0
0
0
701355622
0
0
0
1507510638
3158378535
3378449365
3192984398
0
0
0
0
0
0
0
0
0
0
3361891359
2117011919
4220072680
219
16
0
0
0
0
0
0
0
0
772793316
1326439075
2706467657
0
80
0
0
0
0
0
0
0
0
1786336474
187207542
2892014267
0
32
0
0
0
0
0
0
0
0
3145737684
4251420718
2310191519
0
48
0
0
0
0
0
0
0
0
711618864
1050235464
1830168962
0
96
0
0
0
0
0
0
0
0
2504563304
1702181047
2914588538
0
112
0
0
0
0
0
0
0
0
0
0
0
0
164
0
0
0
11951
0
0
0
20372
400340254
2743319304
3340115979
0
0
0
0
0
0
0
0
0
0
3536517195
2064432539
2693190888
238
16
0
0
0
0
0
0
0
0
3041099574
442630131
2907904882
0
80
0
0
0
0
0
0
0
0
4225030094
3907702643
3050883497
0
32
0
0
0
0
0
0
0
0
413336906
2371680485
3975544067
0
48
0
0
0
0
0
0
0
0
3011914994
1604317212
2994125634
0
96
0
0
0
0
0
0
0
0
3099841960
4152933192
473384200
0
112
0
0
0
0
0
0
0
0
0
0
0
0
166
0
0
0
3030207365
0
0
0
2370014593
1785447304
913360034
3027117504
0
0
0
0
0
0
0
0
0
0
2430095952
1218217805
833133718
20
16
0
0
0
0
0
0
0
0
3583551755
44528505
3487982887
0
80
0
0
0
0
0
0
0
0
42452150
666581761
3062750681
0
32
0
0
0
0
0
0
0
0
429039746
512853662
1228156896
0
48
0
0
0
0
0
0
0
0
2472551290
3899718353
4294881286
0
96
0
0
0
0
0
0
0
0
2164770421
2463537213
3647432605
0
112
0
0
0
0
0
0
0
0
0
0
0
0
162
0
0
0
248
0
0
0
29
431087570
974454013
2846475437
0
0
0
0
0
0
0
0
0
0
3353119781
22044153
2751446464
46
16
0
0
0
0
0
0
0
0
190514927
1760542593
900184932
0
80
0
0
0
0
0
0
0
0
731398336
1009608026
1504022666
0
32
0
0
0
0
0
0
0
0
4056035916
1826928524
2118123414
0
48
0
0
0
0
0
0
0
0
3145318167
4161120145
3511421793
0
96
0
0
0
0
0
0
0
0
1668502014
3170893297
2432586150
0
112
0
0
0
0
0
0
0
0
0
0
0
0
170
392422816
1083581156
2153544371
1847389796
1170663301
3808134331
2986072461
1121935251
3382964398
3874401043
1401218629
0
0
0
0
0
0
0
0
0
0
725497289
3699595346
3134453368
148
16
0
0
0
0
0
0
0
0
1694589090
210975676
1133299510
0
80
0
0
0
0
0
0
0
0
673655712
3867287645
1805935566
0
32
0
0
0
0
0
0
0
0
2096216849
1497725211
2945184373
0
48
0
0
0
0
0
0
0
0
2429279140
3569510362
3616621439
0
96
0
0
0
0
0
0
0
0
129366634
2581785213
4044889111
0
112
0
0
0
0
0
0
0
0
0
0
0
0
166
0
0
0
1070675982
0
0
0
2130599594
4232803847
619119647
1488915050
0
0
0
0
0
0
0
0
0
0
1854096244
3057328385
268507836
4
16
0
0
0
0
0
0
0
0
2139671408
2524862449
4155278396
0
80
0
0
0
0
0
0
0
0
404539783
1720684748
1539947714
0
32
0
0
0
0
0
0
0
0
3726037632
2237877438
2074855868
0
48
0
0
0
0
0
0
0
0
3251914005
971301189
1333942073
0
96
0
0
0
0
0
0
0
0
2628216682
3944390440
4083771748
0
112
0
0
0
0
0
0
0
0
0
0
0
0
164
0
0
0
42015
0
0
0
5541
4194764819
4243163709
3913174234
0
0
0
0
0
0
0
0
0
0
2733863763
4278534419
934480356
196
16
0
0
0
0
0
0
0
0
2176572899
4268610207
2768374142
0
80
0
0
0
0
0
0
0
0
2975476361
3949582050
2707377048
0
32
0
0
0
0
0
0
0
0
2156954805
4119096608
472631458
0
48
0
0
0
0
0
0
0
0
1704390888
3886930422
1191359066
0
96
0
0
0
0
0
0
0
0
2777421432
1080736223
1897452465
0
112
0
0
0
0
0
0
0
0
0
0
0
0
160
0
0
0
6
0
0
0
12
1951631034
453151118
3890482573
0
0
0
0
0
0
0
0
0
0
1190413060
2309519403
694116347
14
16
0
0
0
0
0
0
0
0
400043751
548544049
2636656461
0
80
0
0
0
0
0
0
0
0
4204404285
2188038750
2016722702
0
32
0
0
0
0
0
0
0
0
2443434784
1120609884
1993774148
0
48
0
0
0
0
0
0
0
0
4247734509
205535040
638200162
0
96
0
0
0
0
0
0
0
0
2934049714
1920217163
3589308104
0
112
0
0
0
0
0
0
0
0
0
0
0
0
160
0
0
0
1
0
0
0
0
4102798545
3750601174
4010043552
0
0
0
0
0
0
0
0
0
0
336352927
62333517
3732514942
158
16
0
0
0
0
0
0
0
0
621747800
1634124840
372456995
0
80
0
0
0
0
0
0
0
0
3453583058
4156875025
2922059502
0
32
0
0
0
0
0
0
0
0
1018697973
1398890714
3213918263
0
48
0
0
0
0
0
0
0
0
2165648937
2132911614
4021435336
0
96
0
0
0
0
0
0
0
0
352830939
2273227331
250390733
0
112
0
0
0
0
0
0
0
0
0
0
0
0
166
0
0
0
1366370242
0
0
0
4070614734
921375022
2561875437
2138144502
0
0
0
0
0
0
0
0
0
0
3123394912
2742981787
2634007299
26
16
0
0
0
0
0
0
0
0
2725864592
180338721
379702769
0
80
0
0
0
0
0
0
0
0
4087173136
2388060043
2760106036
0
32
0
0
0
0
0
0
0
0
1908851895
2185163555
3454826148
0
48
0
0
0
0
0
0
0
0
388060988
1320423149
2803625513
0
96
0
0
0
0
0
0
0
0
3147127323
2734121335
81995488
0
112
0
0
0
0
0
0
0
0
0
0
0
0
170
3918207134
4043585473
2408012794
883997748
2892628026
3490848103
1427321916
575088922
241740835
4104925422
3920419011
0
0
0
0
0
0
0
0
0
0
3594592376
2828204466
853334756
19
16
0
0
0
0
0
0
0
0
3510058617
2588029675
1775770789
0
80
0
0
0
0
0
0
0
0
2309455233
3863613897
1208550045
0
32
0
0
0
0
0
0
0
0
4230875804
1534138277
2470840990
0
48
0
0
0
0
0
0
0
0
2003104940
520984906
57300375
0
96
0
0
0
0
0
0
0
0
3389136126
2208798775
3627811942
0
112
0
0
0
0
0
0
0
0
0
0
0
0
170
3983125771
1186194916
1941609095
2043965169
1757651857
2815440610
1371837118
1671485248
3914439296
2807720426
2103995826
0
0
0
0
0
0
0
0
0
0
2591319930
1230298473
213092707
144
16
0
0
0
0
0
0
0
0
261625383
2231311747
3066439959
0
80
0
0
0
0
0
0
0
0
2342943473
35482961
735062780
0
32
0
0
0
0
0
0
0
0
3129348587
1501866985
2327310191
0
48
0
0
0
0
0
0
0
0
2952252013
3219676473
1022105366
0
96
0
0
0
0
0
0
0
0
3766437357
3103367825
2198635511
0
112
0
0
0
0
0
0
0
0
0
0
0
0
164
0
0
0
47194
0
0
0
58489
571103557
3357187625
3308769937
0
0
0
0
0
0
0
0
0
0
3248291617
421152679
1536011520
187
16
0
0
0
0
0
0
0
0
1172532700
3764685198
2488599990
0
80
0
0
0
0
0
0
0
0
4146256005
2966012327
2862193413
0
32
0
0
0
0
0
0
0
0
820636080
2851221195
118533148
0
48
0
0
0
0
0
0
0
0
3085235554
128937865
2776402857
0
96
0
0
0
0
0
0
0
0
796297306
1933932959
3623167871
0
112
0
0
0
0
0
0
0
0
0
0
0
0
166
0
0
0
2698009503
0
0
0
1102870114
597224540
3428581116
2947278521
0
0
0
0
0
0
0
0
0
0
1913686142
3771248938
2866327645
127
16
0
0
0
0
0
0
0
0
2204454814
3854809982
95286181
0
80
0
0
0
0
0
0
0
0
2115617629
4100811801
2858463318
0
32
0
0
0
0
0
0
0
0
2277011409
4271665407
754561642
0
48
0
0
0
0
0
0
0
0
2077490808
4290349038
2028905493
0
96
0
0
0
0
0
0
0
0
3352882048
556087112
3998154024
0
112
0
0
0
0
0
0
0
0
0
0
0
0
168
0
0
1970820282
2942143998
0
0
2005464155
1303467845
221667426
2160223798
2047904533
0
0
0
0
0
0
0
0
0
0
324388287
1567940016
3987680686
173
16
0
0
0
0
0
0
0
0
2221802856
2631834737
1780749482
0
80
0
0
0
0
0
0
0
0
3257529366
2423224409
2370824032
0
32
0
0
0
0
0
0
0
0
2151354244
3553358032
639437407
0
48
0
0
0
0
0
0
0
0
3372539985
3668202255
2407089743
0
96
0
0
0
0
0
0
0
0
2259282908
867252767
2139652733
0
112
0
0
0
0
0
0
0
0
0
0
0
0
164
0
0
0
27996
0
0
0
27203
1275805491
1354916952
3022689989
0
0
0
0
0
0
0
0
0
0
2122536008
1214812673
2566021682
58
16
0
0
0
0
0
0
0
0
1775647911
307921702
982217620
0
80
0
0
0
0
0
0
0
0
3335943394
1171198657
2044895015
0
32
0
0
0
0
0
0
0
0
2752170984
2521167247
996341159
0
48
0
0
0
0
0
0
0
0
193529208
1503485033
3645290574
0
96
0
0
0
0
0
0
0
0
1298143557
2907076267
551992832
0
112
0
0
0
0
0
0
0
0
0
0
0
0
162
0
0
0
57
0
0
0
17
1856560496
3117493171
2057156834
0
0
0
0
0
0
0
0
0
0
469713092
1002966462
3675072610
62
16
0
0
0
0
0
0
0
0
600456599
1698919450
524391952
0
80
0
0
0
0
0
0
0
0
385039928
1222313925
3499428654
0
32
0
0
0
0
0
0
0
0
799570002
2138512813
469277745
0
48
0
0
0
0
0
0
0
0
2561610776
3354061615
3605286577
0
96
0
0
0
0
0
0
0
0
2869102626
2627107437
339080134
0
112
0
0
0
0
0
0
0
0
0
0
0
0
160
0
0
0
0
0
0
0
0
2531177423
2898625161
1067118176
0
0
0
0
0
0
0
0
0
0
364979423
1427000151
431643356
153
16
0
0
0
0
0
0
0
0
2007258154
24739657
2945821535
0
80
0
0
0
0
0
0
0
0
684153650
2713279243
156743927
0
32
0
0
0
0
0
0
0
0
1267101419
946402536
2510515323
0
48
0
0
0
0
0
0
0
0
1568424005
3918073916
1187116723
0
96
0
0
0
0
0
0
0
0
3404628400
3572108451
1766018070
0
112
0
0
0
0
0
0
0
0
0
0
0
0
162
0
0
0
142
0
0
0
191
328487417
499862121
1756420243
0
0
0
0
0
0
0
0
0
0
1317638307
2261286110
2196704108
7
16
0
0
0
0
0
0
0
0
1313524599
1258585917
2072651914
0
80
0
0
0
0
0
0
0
0
2149709296
695013151
851429952
0
32
0
0
0
0
0
0
0
0
3368474067
1298199660
571244265
0
48
0
0
0
0
0
0
0
0
1155403202
1764639783
2350731797
0
96
0
0
0
0
0
0
0
0
2817472127
1716703668
1816613952
0
112
0
0
0
0
0
0
0
0
0
0
0
0
168
0
0
175599939
1707270357
0
0
733109762
2941075228
851107410
113444324
432709612
0
0
0
0
0
0
0
0
0
0
1959742644
4003481553
1305999655
55
16
0
0
0
0
0
0
0
0
503511540
3536957333
2279283128
0
80
0
0
0
0
0
0
0
0
2678025574
1248216797
2940034509
0
32
0
0
0
0
0
0
0
0
1486217768
1450242940
2116457773
0
48
0
0
0
0
0
0
0
0
3330214599
2031233113
3706705050
0
96
0
0
0
0
0
0
0
0
4206467297
3230299750
688103366
0
112
0
0
0
0
0
0
0
0
0
0
0
0
164
0
0
0
47759
0
0
0
6126
398593277
2491140454
4069044760
0
0
0
0
0
0
0
0
0
0
42716412
1167663579
1016703065
163
16
0
0
0
0
0
0
0
0
3292826550
478856333
2067015930
0
80
0
0
0
0
0
0
0
0
1617148538
4052485186
1912701108
0
32
0
0
0
0
0
0
0
0
499593935
684663704
3263098059
0
48
0
0
0
0
0
0
0
0
289641612
2479591268
2674413372
0
96
0
0
0
0
0
0
0
0
1694632042
3687747083
195385302
0
112
0
0
0
0
0
0
0
0
0
0
0
0
164
0
0
0
54065
0
0
0
672
2119207971
1197733864
3519385046
0
0
0
0
0
0
0
0
0
0
3467726973
3753485367
119080663
70
16
0
0
0
0
0
0
0
0
2336825656
2090688887
3166808637
0
80
0
0
0
0
0
0
0
0
3155875163
82522648
2229540319
0
32
0
0
0
0
0
0
0
0
2800216913
3002561525
1206009584
0
48
0
0
0
0
0
0
0
0
1736492192
1965718022
889034397
0
96
0
0
0
0
0
0
0
0
4076803283
424505546
2321590896
0
112
0
0
0
0
0
0
0
0
0
0
0
0
162
0
0
0
111
0
0
0
171
3064199561
4032641790
4169741285
0
0
0
0
0
0
0
0
0
0
734236904
2872227651
3358427789
102
16
0
0
0
0
0
0
0
0
2830863378
3434392802
428346959
0
80
0
0
0
0
0
0
0
0
88163320
4185577530
649802946
0
32
0
0
0
0
0
0
0
0
799583003
2701785464
1417444071
0
48
0
0
0
0
0
0
0
0
3881458423
2685260967
3113927720
0
96
0
0
0
0
0
0
0
0
3188431398
1874123848
3668529453
0
112
0
0
0
0
0
0
0
0
0
0
0
0
162
0
0
0
26
0
0
0
160
92333700
2286215377
150912210
0
0
0
0
0
0
0
0
0
0
2319707131
3944716966
3245626174
175
16
0
0
0
0
0
0
0
0
1844056622
460304830
3631667648
0
80
0
0
0
0
0
0
0
0
1721321547
3035850376
123096407
0
32
0
0
0
0
0
0
0
0
3888350090
3464810367
1321268848
0
48
0
0
0
0
0
0
0
0
2004143740
3118364907
1257022994
0
96
0
0
0
0
0
0
0
0
881404815
2738141530
1219495483
0
112
0
0
0
0
0
0
0
0
0
0
0
0
166
0
0
0
4082631056
0
0
0
1446386923
665692047
673113698
1838160604
0
0
0
0
0
0
0
0
0
0
3109540302
1448553643
2785872151
128
16
0
0
0
0
0
0
0
0
1234834957
717787398
1420162264
0
80
0
0
0
0
0
0
0
0
653193330
872738701
3166856204
0
32
0
0
0
0
0
0
0
0
2948633287
3615936988
2470806364
0
48
0
0
0
0
0
0
0
0
418333143
297883389
1238069921
0
96
0
0
0
0
0
0
0
0
517075466
1809203743
2432748374
0
112
0
0
0
0
0
0
0
0
0
0
0
0
162
0
0
0
226
0
0
0
245
2645267768
1220571368
1142734064
0
0
0
0
0
0
0
0
0
0
183106256
1057373453
3947500775
206
16
0
0
0
0
0
0
0
0
3255041781
2868845574
3801864788
0
80
0
0
0
0
0
0
0
0
1776777387
3355940089
2704129467
0
32
0
0
0
0
0
0
0
0
3196878279
96322617
2621321302
0
48
0
0
0
0
0
0
0
0
2542359187
1860057408
773798073
0
96
0
0
0
0
0
0
0
0
3148700757
2818562672
2740984891
0
112
0
0
0
0
0
0
0
0
0
0
0
0
164
0
0
0
30868
0
0
0
54086
2887216631
3852559045
1169396380
0
0
0
0
0
0
0
0
0
0
4249857439
1569274203
2937197502
128
16
0
0
0
0
0
0
0
0
531187864
1526118918
1408702906
0
80
0
0
0
0
0
0
0
0
1844640353
1870886888
1798985740
0
32
0
0
0
0
0
0
0
0
1604290856
4248724644
3641930091
0
48
0
0
0
0
0
0
0
0
1305146841
1224539660
1996096074
0
96
0
0
0
0
0
0
0
0
19194872
831805187
114008967
0
112
0
0
0
0
0
0
0
0
0
0
0
0
160
0
0
0
10
0
0
0
13
3123196125
3036365798
3725225366
0
0
0
0
0
0
0
0
0
0
664938966
1066295715
1871622947
18
16
0
0
0
0
0
0
0
0
1687102764
864749015
1315272845
0
80
0
0
0
0
0
0
0
0
2335343577
3489713805
2855420557
0
32
0
0
0
0
0
0
0
0
244870711
275527238
236151433
0
48
0
0
0
0
0
0
0
0
2851961675
3572189865
2566099072
0
96
0
0
0
0
0
0
0
0
3724847798
1572141484
3218651410
0
112
0
0
0
0
0
0
0
0
0
0
0
0
164
0
0
0
37399
0
0
0
7026
1836076249
1777136692
615220218
0
0
0
0
0
0
0
0
0
0
886230100
185433377
3855317858
76
16
0
0
0
0
0
0
0
0
233338790
1632048089
3258772860
0
80
0
0
0
0
0
0
0
0
1735011948
3498865216
3247019651
0
32
0
0
0
0
0
0
0
0
1624559299
2394409124
3652299992
0
48
0
0
0
0
0
0
0
0
1067848807
1592265448
2109980995
0
96
0
0
0
0
0
0
0
0
2934276733
2593541386
3139753795
0
112
0
0
0
0
0
0
0
0
0
0
0
0
168
0
0
2571494425
2590810795
0
0
171052718
3923148443
67927195
4036538551
1014537928
0
0
0
0
0
0
0
0
0
0
2796323881
3197718049
271432349
158
16
0
0
0
0
0
0
0
0
3139763452
1896101495
937377530
0
80
0
0
0
0
0
0
0
0
835378070
3737015558
3846087588
0
32
0
0
0
0
0
0
0
0
3512524642
581030319
1757891513
0
48
0
0
0
0
0
0
0
0
3842676063
2465457613
1195649926
0
96
0
0
0
0
0
0
0
0
3628379792
3854440125
864918066
0
112
0
0
0
0
0
0
0
0
0
0
0
0
162
0
0
0
153
0
0
0
31
1266746833
1496707173
4036488170
0
0
0
0
0
0
0
0
0
0
3227472480
210686971
634503874
27
16
0
0
0
0
0
0
0
0
2481995575
2359209573
1434883649
0
80
0
0
0
0
0
0
0
0
1222429131
1977632920
198483873
0
32
0
0
0
0
0
0
0
0
2131430601
2261026960
3294629234
0
48
0
0
0
0
0
0
0
0
968736860
3286181562
3235823995
0
96
0
0
0
0
0
0
0
0
1128617948
2189512244
2004060967
0
112
0
0
0
0
0
0
0
0
0
0
0
0
168
0
0
4012219355
796601473
0
0
3072866007
3124661114
2467774256
476070490
2870064723
0
0
0
0
0
0
0
0
0
0
3112156902
1061407026
3253757460
101
16
0
0
0
0
0
0
0
0
532969159
1643879104
3080160907
0
80
0
0
0
0
0
0
0
0
3099003705
4223126350
3814659197
0
32
0
0
0
0
0
0
0
0
1854469151
2499753044
2838937489
0
48
0
0
0
0
0
0
0
0
994951804
1312888238
377282372
0
96
0
0
0
0
0
0
0
0
1736261927
2075736397
472922963
0
112
0
0
0
0
0
0
0
0
0
0
0
0
170
3123450862
349444710
2008678309
1382598500
935752913
2378507057
4060192136
182868380
728591742
2452933473
1361579112
0
0
0
0
0
0
0
0
0
0
2420473642
3608027429
2480164306
6
16
0
0
0
0
0
0
0
0
711762119
509872074
2310865663
0
80
0
0
0
0
0
0
0
0
14590857
709478807
3340759710
0
32
0
0
0
0
0
0
0
0
4002317724
185948289
527190470
0
48
0
0
0
0
0
0
0
0
3364099948
1839296677
2893414551
0
96
0
0
0
0
0
0
0
0
3767211979
1149022594
3960099757
0
112
0
0
0
0
0
0
0
0
0
0
0
0
160
0
0
0
5
0
0
0
7
2939169151
2558218197
2139435048
0
0
0
0
0
0
0
0
0
0
2018909578
8996213
3910423306
104
16
0
0
0
0
0
0
0
0
2998806638
81948118
842259997
0
80
0
0
0
0
0
0
0
0
4168681650
1387365692
4290635611
0
32
0
0
0
0
0
0
0
0
3379234088
4189429172
4267040174
0
48
0
0
0
0
0
0
0
0
3395443242
3408445630
4100951542
0
96
0
0
0
0
0
0
0
0
3215271765
3943582750
1975177867
0
112
0
0
0
0
0
0
0
0
0
0
0
0
160
0
0
0
0
0
0
0
13
1384587263
2547175614
4176165453
0
0
0
0
0
0
0
0
0
0
3188512317
2025468088
4114997140
48
16
0
0
0
0
0
0
0
0
998531358
4042734880
1153145748
0
80
0
0
0
0
0
0
0
0
2183679962
2410129653
1177023693
0
32
0
0
0
0
0
0
0
0
72611760
3581084688
3021902397
0
48
0
0
0
0
0
0
0
0
2019784671
1445450155
1218356405
0
96
0
0
0
0
0
0
0
0
1457554346
3280102137
2115841493
0
112
0
0
0
0
0
0
0
0
0
0
0
0
168
0
0
3994484184
1051050524
0
0
3508790128
219641891
356717275
3440201024
3877224094
0
0
0
0
0
0
0
0
0
0
2734830108
2349531487
3617344451
210
16
0
0
0
0
0
0
0
0
1716208567
2505174742
1765049540
0
80
0
0
0
0
0
0
0
0
1512164710
3623025696
3567860371
0
32
0
0
0
0
0
0
0
0
1736389649
1218150129
2819561850
0
48
0
0
0
0
0
0
0
0
997812691
3468870954
2877473948
0
96
0
0
0
0
0
0
0
0
1507235494
595864174
3102016861
0
112
0
0
0
0
0
0
0
0
0
0
0
0
168
0
0
1122086786
3081243480
0
0
2591662543
3924217066
2210418648
639605905
1490850197
0
0
0
0
0
0
0
0
0
0
825594959
3857736093
3050052938
52
16
0
0
0
0
0
0
0
0
1236058812
740536200
1555236298
0
80
0
0
0
0
0
0
0
0
3165457295
2959866026
46648457
0
32
0
0
0
0
0
0
0
0
2267164023
1079306289
641193474
0
48
0
0
0
0
0
0
0
0
365626209
3357753327
1770743420
0
96
0
0
0
0
0
0
0
0
1377041139
1550965748
3462495503
0
112
0
0
0
0
0
0
0
0
0
0
0
0
166
0
0
0
1201235584
0
0
0
3276535581
3753790092
2472722052
399166103
0
0
0
0
0
0
0
0
0
0
3129756948
1277766946
666675627
139
16
0
0
0
0
0
0
0
0
1594570827
2237337470
3578063338
0
80
0
0
0
0
0
0
0
0
2217571483
694050494
4273533275
0
32
0
0
0
0
0
0
0
0
2286596943
809047965
1437822403
0
48
0
0
0
0
0
0
0
0
1884438968
3944361113
3278360921
0
96
0
0
0
0
0
0
0
0
1754364096
946469028
2724424149
0
112
0
0
0
0
0
0
0
0
0
0
0
0
166
0
0
0
230910341
0
0
0
1160216578
3223262190
1245167042
1801144027
0
0
0
0
0
0
0
0
0
0
4093801014
75314213
1683200215
120
16
0
0
0
0
0
0
0
0
3031648251
989046061
555152461
0
80
0
0
0
0
0
0
0
0
3551870014
2351766260
3841344336
0
32
0
0
0
0
0
0
0
0
2391281302
2933393645
2187797667
0
48
0
0
0
0
0
0
0
0
1645936803
3330182278
81944485
0
96
0
0
0
0
0
0
0
0
806230612
1464178928
2185483270
0
112
0
0
0
0
0
0
0
0
0
0
0
0
170
3338554245
1151523675
2966667531
4236387483
1486926036
145916239
3569065801
1539684258
711700948
3991058702
1725741812
0
0
0
0
0
0
0
0
0
0
555343932
2445090158
4133886629
167
16
0
0
0
0
0
0
0
0
1793292001
3173088845
2398014230
0
80
0
0
0
0
0
0
0
0
157721411
2208470836
3776718078
0
32
0
0
0
0
0
0
0
0
2649050343
28436312
4255502
0
48
0
0
0
0
0
0
0
0
1646552406
1666560627
1934237420
0
96
0
0
0
0
0
0
0
0
3506719034
3194220093
2287788538
0
112
0
0
0
0
0
0
0
0
0
0
0
0
162
0
0
0
197
0
0
0
104
3202466864
4202413229
644266848
0
0
0
0
0
0
0
0
0
0
267643361
2485031002
2991857561
37
16
0
0
0
0
0
0
0
0
3908205896
1031978198
3336715376
0
80
0
0
0
0
0
0
0
0
420786165
428187818
3694184675
0
32
0
0
0
0
0
0
0
0
3171480774
3686266300
2482439131
0
48
0
0
0
0
0
0
0
0
222783490
1932374794
1666081941
0
96
0
0
0
0
0
0
0
0
1919096065
2758447219
1337586669
0
112
0
0
0
0
0
0
0
0
0
0
0
0
168
0
0
3112386992
1135154885
0
0
307059921
714470669
3061490092
2927543407
261572109
0
0
0
0
0
0
0
0
0
0
3441449531
244301018
190839785
223
16
0
0
0
0
0
0
0
0
3383125598
2295883144
4048398735
0
80
0
0
0
0
0
0
0
0
1634953627
2192909723
88907449
0
32
0
0
0
0
0
0
0
0
2919817232
446920798
637842990
0
48
0
0
0
0
0
0
0
0
2945663962
1820758550
2309439502
0
96
0
0
0
0
0
0
0
0
695146416
2595150986
763752234
0
112
0
0
0
0
0
0
0
0
0
0
0
0
170
834783485
114450899
3301839218
2204068396
633483121
2026066327
3928900414
972541298
94850590
2260220336
4085659148
0
0
0
0
0
0
0
0
0
0
1789698139
1159336326
1790516406
26
16
0
0
0
0
0
0
0
0
2079161407
4024676255
3512908064
0
80
0
0
0
0
0
0
0
0
770499837
863020970
2132908041
0
32
0
0
0
0
0
0
0
0
1316808482
4085526593
1012611501
0
48
0
0
0
0
0
0
0
0
3827585688
3392968987
3937011200
0
96
0
0
0
0
0
0
0
0
2508528348
227344165
3220344925
0
112
0
0
0
0
0
0
0
0
0
0
0
0
170
466666870
3282449474
691003300
3865824852
2901325333
3189746586
2104306112
3327986379
3458006195
2963375364
4062294747
0
0
0
0
0
0
0
0
0
0
2602633717
3351918568
1339505753
49
16
0
0
0
0
0
0
0
0
246925753
1473518562
1678761039
0
80
0
0
0
0
0
0
0
0
3817355485
3045444738
3693750720
0
32
0
0
0
0
0
0
0
0
2146752286
1162112239
3106031139
0
48
0
0
0
0
0
0
0
0
3975354412
474306373
2663696281
0
96
0
0
0
0
0
0
0
0
3116497938
1047007720
3028003620
0
112
0
0
0
0
0
0
0
0
0
0
0
0
162
0
0
0
93
0
0
0
72
1574926284
1152367041
1568410156
0
0
0
0
0
0
0
0
0
0
2447339776
4123498431
3220758384
152
16
0
0
0
0
0
0
0
0
3286004953
1844552304
391011449
0
80
0
0
0
0
0
0
0
0
2492453552
4003963392
2177350382
0
32
0
0
0
0
0
0
0
0
897864785
2131217384
1479787631
0
48
0
0
0
0
0
0
0
0
1862821715
666164195
4266779597
0
96
0
0
0
0
0
0
0
0
495577348
3664485375
4127745021
0
112
0
0
0
0
0
0
0
0
0
0
0
0
162
0
0
0
144
0
0
0
19
2821360536
87531857
917358471
0
0
0
0
0
0
0
0
0
0
1329028822
420310898
946283527
237
16
0
0
0
0
0
0
0
0
2353336390
3948670130
3174694306
0
80
0
0
0
0
0
0
0
0
3791390396
1268528807
1645453664
0
32
0
0
0
0
0
0
0
0
3490933931
2179057132
1852535542
0
48
0
0
0
0
0
0
0
0
3071837815
3917075378
2815288032
0
96
0
0
0
0
0
0
0
0
1983168060
2191670946
3538301880
0
112
0
0
0
0
0
0
0
0
0
0
0
0
164
0
0
0
41144
0
0
0
22229
3178598110
3579108397
245015817
0
0
0
0
0
0
0
0
0
0
3024208319
3935575804
1909327662
194
16
0
0
0
0
0
0
0
0
430299775
4019572451
619337291
0
80
0
0
0
0
0
0
0
0
981337407
65549691
1788188785
0
32
0
0
0
0
0
0
0
0
3891931256
749602568
1750391270
0
48
0
0
0
0
0
0
0
0
3157334581
74026584
3373393720
0
96
0
0
0
0
0
0
0
0
985114388
2641936355
3768879386
0
112
0
0
0
0
0
0
0
0
0
0
0
0
164
0
0
0
51106
0
0
0
62868
2183570838
1580563428
3828712365
0
0
0
0
0
0
0
0
0
0
1323737054
2510857135
1997675845
106
16
0
0
0
0
0
0
0
0
48500825
4017918980
2259850650
0
80
0
0
0
0
0
0
0
0
3780127895
741009489
3707046874
0
32
0
0
0
0
0
0
0
0
2269019639
2757952848
2793722785
0
48
0
0
0
0
0
0
0
0
930332736
1028584288
865445291
0
96
0
0
0
0
0
0
0
0
1118817970
4250989363
4227734328
0
112
0
0
0
0
0
0
0
0
0
0
0
0
168
0
0
2886334351
1040696024
0
0
2932411200
1163244
3608229263
1880817579
2422904262
0
0
0
0
0
0
0
0
0
0
2876657965
2888809254
514652268
218
16
0
0
0
0
0
0
0
0
3986119524
3733599301
1965912934
0
80
0
0
0
0
0
0
0
0
328451714
1862164119
2355299735
0
32
0
0
0
0
0
0
0
0
3584987106
2050986532
2960789284
0
48
0
0
0
0
0
0
0
0
2622850152
992064855
3915710925
0
96
0
0
0
0
0
0
0
0
2836157549
2759647152
1851981711
0
112
0
0
0
0
0
0
0
0
0
0
0
0
162
0
0
0
61
0
0
0
71
3548547429
567912945
3564454764
0
0
0
0
0
0
0
0
0
0
1434385874
1434982706
2445275182
150
16
0
0
0
0
0
0
0
0
305236778
2380237175
2847642413
0
80
0
0
0
0
0
0
0
0
3616388498
545215232
836961066
0
32
0
0
0
0
0
0
0
0
2863879995
208069728
4058080619
0
48
0
0
0
0
0
0
0
0
646985602
3688861014
3053579312
0
96
0
0
0
0
0
0
0
0
3111705549
347781402
2019953995
0
112
0
0
0
0
0
0
0
0
0
0
0
0
166
0
0
0
1834448307
0
0
0
1766194210
1462818068
4029363733
4007272605
0
0
0
0
0
0
0
0
0
0
2557330761
2425464651
4244610776
65
16
0
0
0
0
0
0
0
0
2748200969
8749594
4036410421
0
80
0
0
0
0
0
0
0
0
894349299
4242018081
78466859
0
32
0
0
0
0
0
0
0
0
1169250554
1470287200
2037984664
0
48
0
0
0
0
0
0
0
0
624279099
1062472931
3512658327
0
96
0
0
0
0
0
0
0
0
1882321382
3914780239
559869530
0
112
0
0
0
0
0
0
0
0
0
0
0
0
162
0
0
0
150
0
0
0
124
1356678420
2094850970
1088900597
0
0
0
0
0
0
0
0
0
0
855175410
443826417
1652615316
237
16
0
0
0
0
0
0
0
0
4238676847
3764128939
4138700336
0
80
0
0
0
0
0
0
0
0
1233638750
705787623
1787558435
0
32
0
0
0
0
0
0
0
0
3945597145
944165097
313767058
0
48
0
0
0
0
0
0
0
0
3370916697
1769096029
1778025584
0
96
0
0
0
0
0
0
0
0
2284991672
2809989661
3727295731
0
112
0
0
0
0
0
0
0
0
0
0
0
0
168
0
0
1629693939
3906305004
0
0
1147443414
3373615888
1124498979
2445025711
2893364826
0
0
0
0
0
0
0
0
0
0
1103998126
254457886
4023874935
38
16
0
0
0
0
0
0
0
0
168819632
625709052
4207133492
0
80
0
0
0
0
0
0
0
0
337499994
3359857682
14862126
0
32
0
0
0
0
0
0
0
0
1134276863
4188640142
1099301471
0
48
0
0
0
0
0
0
0
0
3372558202
3281061920
1579267423
0
96
0
0
0
0
0
0
0
0
1125975162
817433506
1163107830
0
112
0
0
0
0
0
0
0
0
0
0
0
0
170
3889754663
3890190539
2181205256
3795963772
531015551
1252163153
4111419366
120690942
321033090
3277267310
4047001189
0
0
0
0
0
0
0
0
0
0
1840756345
685402176
1973375296
6
16
0
0
0
0
0
0
0
0
1057560767
1085590391
2154969868
0
80
0
0
0
0
0
0
0
0
2048829939
951290325
60394299
0
32
0
0
0
0
0
0
0
0
2645922089
3928653555
2694404402
0
48
0
0
0
0
0
0
0
0
2586675189
84801070
4061339773
0
96
0
0
0
0
0
0
0
0
3281234862
3645143596
888290740
0
112
0
0
0
0
0
0
0
0
0
0
0
0
164
0
0
0
33342
0
0
0
30880
2661536311
2437332944
941389755
0
0
0
0
0
0
0
0
0
0
384733038
332994501
4294085983
102
16
0
0
0
0
0
0
0
0
2841323361
2882090626
3537247697
0
80
0
0
0
0
0
0
0
0
1396708919
627879332
1435895815
0
32
0
0
0
0
0
0
0
0
1345439662
820833454
921651019
0
48
0
0
0
0
0
0
0
0
3402462617
254620903
333418617
0
96
0
0
0
0
0
0
0
0
1120363383
1505964279
3941157016
0
112
0
0
0
0
0
0
0
0
0
0
0
0
164
0
0
0
3350
0
0
0
16155
1565708776
2518221520
2998840347
0
0
0
0
0
0
0
0
0
0
1738795634
21639530
749296451
193
16
0
0
0
0
0
0
0
0
2353695909
2262467569
108066790
0
80
0
0
0
0
0
0
0
0
2904784255
1067200539
2884895072
0
32
0
0
0
0
0
0
0
0
2356600061
1879977602
3709984080
0
48
0
0
0
0
0
0
0
0
968721168
3049990025
278242597
0
96
0
0
0
0
0
0
0
0
1762117687
3320661115
1890053021
0
112
0
0
0
0
0
0
0
0
0
0
0
0
168
0
0
3017753880
2543123238
0
0
3449331451
2231597805
1979168706
3019436008
678664258
0
0
0
0
0
0
0
0
0
0
2098578028
3637227835
1941967356
97
16
0
0
0
0
0
0
0
0
317378007
3070004588
2364495390
0
80
0
0
0
0
0
0
0
0
3113772518
2470276610
1960118081
0
32
0
0
0
0
0
0
0
0
1560951083
999455949
701717574
0
48
0
0
0
0
0
0
0
0
1933232382
1290931956
4112387744
0
96
0
0
0
0
0
0
0
0
3371755172
3890623672
4108621449
0
112
0
0
0
0
0
0
0
0
0
0
0
0
162
0
0
0
132
0
0
0
249
1153229541
2685426948
134033161
0
0
0
0
0
0
0
0
0
0
3136217870
3876346246
4293359891
237
16
0
0
0
0
0
0
0
0
2785397179
3774424569
1191062090
0
80
0
0
0
0
0
0
0
0
2333091972
767450973
2446628237
0
32
0
0
0
0
0
0
0
0
480610406
45241940
1261154917
0
48
0
0
0
0
0
0
0
0
4108911513
327198508
3654212254
0
96
0
0
0
0
0
0
0
0
1895350041
541320588
1455569317
0
112
0
0
0
0
0
0
0
0
0
0
0
0
164
0
0
0
61874
0
0
0
4633
1627568286
3587962706
1317767083
0
0
0
0
0
0
0
0
0
0
1498346279
2384226031
3309571815
42
16
0
0
0
0
0
0
0
0
1040965061
1362980259
3222477783
0
80
0
0
0
0
0
0
0
0
2500526425
759238468
1226901060
0
32
0
0
0
0
0
0
0
0
2981021708
950768016
2394051322
0
48
0
0
0
0
0
0
0
0
502332651
1395974689
1334442296
0
96
0
0
0
0
0
0
0
0
1576140547
2020505608
2888724363
0
112
0
0
0
0
0
0
0
0
0
0
0
0
160
0
0
0
14
0
0
0
1
3622951412
239255725
2947091783
0
0
0
0
0
0
0
0
0
0
1905971999
1384241861
2707536621
67
16
0
0
0
0
0
0
0
0
3631530891
3821231577
1789351133
0
80
0
0
0
0
0
0
0
0
599401924
2676180214
3705079799
0
32
0
0
0
0
0
0
0
0
1589423547
2984912086
3847508450
0
48
0
0
0
0
0
0
0
0
646399231
1234906870
4156066357
0
96
0
0
0
0
0
0
0
0
4246179247
4267660671
3351809628
0
112
0
0
0
0
0
0
0
0
0
0
0
0
160
0
0
0
6
0
0
0
9
2916341345
2016777807
1313455015
0
0
0
0
0
0
0
0
0
0
3251347864
1639001557
767474668
145
16
0
0
0
0
0
0
0
0
253204682
1921802394
1374233105
0
80
0
0
0
0
0
0
0
0
3137490751
753354591
3702740105
0
32
0
0
0
0
0
0
0
0
4024990186
1079270474
1561341754
0
48
0
0
0
0
0
0
0
0
1990703002
2812665827
3110002984
0
96
0
0
0
0
0
0
0
0
3521073933
2353592845
3534937693
0
112
0
0
0
0
0
0
0
0
0
0
0
0
160
0
0
0
13
0
0
0
8
2466394671
3795922104
3723937981
0
0
0
0
0
0
0
0
0
0
2653713489
1005674536
3359760901
45
16
0
0
0
0
0
0
0
0
522345440
2549787382
2680396360
0
80
0
0
0
0
0
0
0
0
3043783311
797407210
1883456049
0
32
0
0
0
0
0
0
0
0
3052563369
743936329
519576954
0
48
0
0
0
0
0
0
0
0
4162753689
1189880943
2057715800
0
96
0
0
0
0
0
0
0
0
30233052
2698679164
3841826602
0
112
0
0
0
0
0
0
0
0
0
0
0
0
160
0
0
0
11
0
0
0
9
3809724174
1433415338
2661836934
0
0
0
0
0
0
0
0
0
0
4172942947
2238323068
1508101400
255
16
0
0
0
0
0
0
0
0
2002722276
3014454155
1183500572
0
80
0
0
0
0
0
0
0
0
706796573
2464920083
3807064870
0
32
0
0
0
0
0
0
0
0
2799053472
932584595
788873457
0
48
0
0
0
0
0
0
0
0
3235117196
4120614419
104658138
0
96
0
0
0
0
0
0
0
0
2718993242
2424723976
3839219
0
112
0
0
0
0
0
0
0
0
0
0
0
0
160
0
0
0
9
0
0
0
3
849961675
414911750
3184238122
0
0
0
0
0
0
0
0
0
0
594964908
244959539
229443120
203
16
0
0
0
0
0
0
0
0
131456384
1256237218
2701429738
0
80
0
0
0
0
0
0
0
0
4197625115
1109020590
1745157885
0
32
0
0
0
0
0
0
0
0
3035483542
538299824
1747407570
0
48
0
0
0
0
0
0
0
0
3531104193
1621998539
3218711230
0
96
0
0
0
0
0
0
0
0
1207260072
3774277115
5005654
0
112
0
0
0
0
0
0
0
0
0
0
0
0
168
0
0
2346314379
411910934
0
0
3971041211
2143461075
2054175717
2299734712
1634430225
0
0
0
0
0
0
0
0
0
0
25243699
869622256
3776127505
128
16
0
0
0
0
0
0
0
0
746628473
4149531863
788311723
0
80
0
0
0
0
0
0
0
0
39115852
1111689746
3748456487
0
32
0
0
0
0
0
0
0
0
2079418404
1789851192
1713998854
0
48
0
0
0
0
0
0
0
0
3654774644
2596596104
291448233
0
96
0
0
0
0
0
0
0
0
978130616
4185412565
1428612630
0
112
0
0
0
0
0
0
0
0
0
0
0
0
168
0
0
1801204126
741690594
0
0
4038306275
3039829531
769203151
346344995
1719061875
0
0
0
0
0
0
0
0
0
0
2397038118
3226837440
360956424
51
16
0
0
0
0
0
0
0
0
3516654485
2808180437
845236258
0
80
0
0
0
0
0
0
0
0
3512739310
3720241061
1868775576
0
32
0
0
0
0
0
0
0
0
320939848
2607055150
4124218521
0
48
0
0
0
0
0
0
0
0
3740801432
521740296
878085273
0
96
0
0
0
0
0
0
0
0
730900288
3164742392
427125674
0
112
0
0
0
0
0
0
0
0
0
0
0
0
160
0
0
0
0
0
0
0
1
1021445167
806899264
1317025725
0
0
0
0
0
0
0
0
0
0
610829204
3834219174
1266284973
50
16
0
0
0
0
0
0
0
0
2689942882
1749620572
2429930841
0
80
0
0
0
0
0
0
0
0
584809930
482467428
3349064027
0
32
0
0
0
0
0
0
0
0
1827857507
2674409740
3338740541
0
48
0
0
0
0
0
0
0
0
3803246744
1624270324
644276053
0
96
0
0
0
0
0
0
0
0
2292222183
977007099
1251752567
0
112
0
0
0
0
0
0
0
0
0
0
0
0
168
0
0
1670703285
3886944845
0
0
1665876775
4051314696
1666325225
798845477
1474031952
0
0
0
0
0
0
0
0
0
0
2849632449
404606426
268501915
125
16
0
0
0
0
0
0
0
0
128918714
2298377218
2812375189
0
80
0
0
0
0
0
0
0
0
1403290359
3390976774
371424156
0
32
0
0
0
0
0
0
0
0
1629058561
1522577862
474050439
0
48
0
0
0
0
0
0
0
0
1597510452
1324169514
2708584031
0
96
0
0
0
0
0
0
0
0
1169626654
1938281870
1287384448
0
112
0
0
0
0
0
0
0
0
0
0
0
0
168
0
0
1319814229
1069239335
0
0
4190516537
2604887157
1505054639
2279498802
1873427465
0
0
0
0
0
0
0
0
0
0
592818376
3405273638
4033469703
153
16
0
0
0
0
0
0
0
0
2441088871
1229345027
2958472985
0
80
0
0
0
0
0
0
0
0
243458614
2708206362
3942266975
0
32
0
0
0
0
0
0
0
0
1059541243
2421099554
2375025396
0
48
0
0
0
0
0
0
0
0
847639812
2434790779
430417481
0
96
0
0
0
0
0
0
0
0
1495593924
904802706
2218814081
0
112
0
0
0
0
0
0
0
0
0
0
0
0
160
0
0
0
11
0
0
0
5
1879612904
227516362
3055722000
0
0
0
0
0
0
0
0
0
0
3093564224
3369786136
751991350
194
16
0
0
0
0
0
0
0
0
2517805253
2192450658
1098138011
0
80
0
0
0
0
0
0
0
0
4075984303
2031848708
1115788256
0
32
0
0
0
0
0
0
0
0
4283207272
1918771670
114493512
0
48
0
0
0
0
0
0
0
0
2929030782
887309289
1145109619
0
96
0
0
0
0
0
0
0
0
3643360446
434727357
142929917
0
112
0
0
0
0
0
0
0
0
0
0
0
0
166
0
0
0
3828813848
0
0
0
2855362986
1557494648
1508739101
877464854
0
0
0
0
0
0
0
0
0
0
2069927589
2630779487
1656644336
236
16
0
0
0
0
0
0
0
0
1185613109
1849595150
2244737592
0
80
0
0
0
0
0
0
0
0
49055802
2556766766
3952709440
0
32
0
0
0
0
0
0
0
0
74935171
2810869029
1794940322
0
48
0
0
0
0
0
0
0
0
4173732832
2991683362
3076886540
0
96
0
0
0
0
0
0
0
0
1062401508
1152395965
3436256936
0
112
0
0
0
0
0
0
0
0
0
0
0
0
170
1447654408
3166363571
1211182429
183599401
3305269548
521631898
3053097307
890126231
537314559
2663685128
1752295951
0
0
0
0
0
0
0
0
0
0
2756072923
2862388248
669984925
234
16
0
0
0
0
0
0
0
0
3852058586
4193139244
205687287
0
80
0
0
0
0
0
0
0
0
3241339972
2326270942
3870084318
0
32
0
0
0
0
0
0
0
0
1072612659
4153745649
3312908576
0
48
0
0
0
0
0
0
0
0
3547276437
367640980
170319042
0
96
0
0
0
0
0
0
0
0
1397164836
1338887676
823745827
0
112
0
0
0
0
0
0
0
0
0
0
0
0
164
0
0
0
40270
0
0
0
353
2509636545
2167555787
3508312894
0
0
0
0
0
0
0
0
0
0
589115419
3953500553
3538552873
90
16
0
0
0
0
0
0
0
0
167728902
1289580393
3217583360
0
80
0
0
0
0
0
0
0
0
4114473379
1910215612
1591824095
0
32
0
0
0
0
0
0
0
0
648729972
1227085874
2256444308
0
48
0
0
0
0
0
0
0
0
4248908059
3652938462
2344769353
0
96
0
0
0
0
0
0
0
0
38958950
2388826851
2584596944
0
112
0
0
0
0
0
0
0
0
0
0
0
0
166
0
0
0
1614769029
0
0
0
1721627348
411486102
2821596459
2063928769
0
0
0
0
0
0
0
0
0
0
400486633
3558995015
2298029590
64
16
0
0
0
0
0
0
0
0
3252419371
3788251134
2893138325
0
80
0
0
0
0
0
0
0
0
3986259426
1071153942
2915925101
0
32
0
0
0
0
0
0
0
0
744368091
2534920779
2497390740
0
48
0
0
0
0
0
0
0
0
2014132004
4225356798
1439349795
0
96
0
0
0
0
0
0
0
0
704831944
2351336213
3810258612
0
112
0
0
0
0
0
0
0
0
0
0
0
0
164
0
0
0
30471
0
0
0
54813
3629113207
1218002014
2138819582
0
0
0
0
0
0
0
0
0
0
3429758433
611676469
1175793968
208
16
0
0
0
0
0
0
0
0
2843712290
1998980140
198440421
0
80
0
0
0
0
0
0
0
0
2913111800
3152939563
1302430062
0
32
0
0
0
0
0
0
0
0
2245872927
1470388950
1858141098
0
48
0
0
0
0
0
0
0
0
3201212929
3236794793
3358434647
0
96
0
0
0
0
0
0
0
0
1859756156
2625853637
83426764
0
112
0
0
0
0
0
0
0
0
0
0
0
0
170
3629465804
2663723626
972703902
1389241756
193594829
1866187595
1447812747
765535255
2707543055
2558861224
2820184228
0
0
0
0
0
0
0
0
0
0
1749790085
2225003022
1023140574
127
16
0
0
0
0
0
0
0
0
75202939
1908612179
3000861815
0
80
0
0
0
0
0
0
0
0
3602835367
1185798011
1670742013
0
32
0
0
0
0
0
0
0
0
3173385821
2113184217
584344317
0
48
0
0
0
0
0
0
0
0
4008193407
3313169298
1624758321
0
96
0
0
0
0
0
0
0
0
1588694804
2409035997
3595222614
0
112
0
0
0
0
0
0
0
0
0
0
0
0
170
2694497735
1533833268
3808556284
3555760537
1724939725
463461641
747853537
1465927895
284372871
48929352
2316647679
0
0
0
0
0
0
0
0
0
0
42163224
679482766
2465410651
183
16
0
0
0
0
0
0
0
0
883913229
2336938779
656018759
0
80
0
0
0
0
0
0
0
0
3590037832
1025263244
3227355545
0
32
0
0
0
0
0
0
0
0
3023620062
2951587688
107472363
0
48
0
0
0
0
0
0
0
0
1055937534
533724897
3067506173
0
96
0
0
0
0
0
0
0
0
2489611625
355003575
1190256160
0
112
0
0
0
0
0
0
0
0
0
0
0
0
168
0
0
3771379978
1603700173
0
0
1982819039
2191116090
3906947552
4240269938
4231481954
0
0
0
0
0
0
0
0
0
0
224053022
2661707153
1055500173
109
16
0
0
0
0
0
0
0
0
361284906
3638356474
1614109012
0
80
0
0
0
0
0
0
0
0
297044441
4028820103
2956340288
0
32
0
0
0
0
0
0
0
0
1937165234
911280999
661932039
0
48
0
0
0
0
0
0
0
0
2850950563
1889163407
3188211412
0
96
0
0
0
0
0
0
0
0
1208843035
3338391962
3119955614
0
112
0
0
0
0
0
0
0
0
0
0
0
0
162
0
0
0
244
0
0
0
208
603319646
1415512693
253904590
0
0
0
0
0
0
0
0
0
0
1703977212
1898372156
3609404826
92
16
0
0
0
0
0
0
0
0
1143119574
3583213336
1394933881
0
80
0
0
0
0
0
0
0
0
596267728
4267886313
2986945737
0
32
0
0
0
0
0
0
0
0
3826677754
2058003955
2189812244
0
48
0
0
0
0
0
0
0
0
2666201444
2788886324
3426793040
0
96
0
0
0
0
0
0
0
0
554749338
2321803248
4058237190
0
112
0
0
0
0
0
0
0
0
0
0
0
0
170
3682245025
1197177476
109433111
1443780006
3577827250
1550654601
3967941891
4262216127
788393334
2504417940
4065560706
0
0
0
0
0
0
0
0
0
0
2437559376
3616238938
3998814575
135
16
0
0
0
0
0
0
0
0
2288040599
2938974458
124832612
0
80
0
0
0
0
0
0
0
0
2774088118
2217509583
743317895
0
32
0
0
0
0
0
0
0
0
2523206527
1276377290
1700469368
0
48
0
0
0
0
0
0
0
0
550693749
1442773433
1427434884
0
96
0
0
0
0
0
0
0
0
1191023000
2342485559
2570055296
0
112
0
0
0
0
0
0
0
0
0
0
0
0
164
0
0
0
40480
0
0
0
9369
3133947837
300500071
342902061
0
0
0
0
0
0
0
0
0
0
3325401242
715915077
977744380
188
16
0
0
0
0
0
0
0
0
1941446810
275422743
841401920
0
80
0
0
0
0
0
0
0
0
2655972126
915685446
3939002792
0
32
0
0
0
0
0
0
0
0
995163135
1316125377
550571919
0
48
0
0
0
0
0
0
0
0
979764982
2257612837
29576150
0
96
0
0
0
0
0
0
0
0
3477102414
1985953377
37621606
0
112
0
0
0
0
0
0
0
0
0
0
0
0
168
0
0
1455142058
1755511375
0
0
3698754747
2384773091
1416346923
2384349022
1315338063
0
0
0
0
0
0
0
0
0
0
2770860681
333643879
436275378
118
16
0
0
0
0
0
0
0
0
1656813807
2136666598
2833417913
0
80
0
0
0
0
0
0
0
0
3768712435
3668187892
2033774343
0
32
0
0
0
0
0
0
0
0
3211120313
3513367175
2720656800
0
48
0
0
0
0
0
0
0
0
3928009952
2131452136
2853764944
0
96
0
0
0
0
0
0
0
0
3883126119
2266222001
4100523329
0
112
0
0
0
0
0
0
0
0
0
0
0
0
160
0
0
0
0
0
0
0
14
3122687296
798460465
2571486976
0
0
0
0
0
0
0
0
0
0
3929455416
3551218121
1039851132
125
16
0
0
0
0
0
0
0
0
1305283927
2271239555
2368314379
0
80
0
0
0
0
0
0
0
0
2581011952
2960709781
3869006611
0
32
0
0
0
0
0
0
0
0
2023727277
521576298
3736686153
0
48
0
0
0
0
0
0
0
0
4201811037
1261897441
1646559167
0
96
0
0
0
0
0
0
0
0
249943218
1248555929
729167581
0
112
0
0
0
0
0
0
0
0
0
0
0
0
164
0
0
0
30801
0
0
0
34214
373315225
2954113569
1376374678
0
0
0
0
0
0
0
0
0
0
738565665
1480497986
457433774
132
16
0
0
0
0
0
0
0
0
1651698029
1289933710
2753946289
0
80
0
0
0
0
0
0
0
0
3812628029
1355262704
1829119083
0
32
0
0
0
0
0
0
0
0
477265855
2655664581
2588434675
0
48
0
0
0
0
0
0
0
0
2980995139
3610269347
319804425
0
96
0
0
0
0
0
0
0
0
3624098035
447720593
721979293
0
112
0
0
0
0
0
0
0
0
0
0
0
0
160
0
0
0
15
0
0
0
8
2026390913
2084298214
1626693795
0
0
0
0
0
0
0
0
0
0
3968728439
4045940489
2768194224
212
16
0
0
0
0
0
0
0
0
1052649484
3157074570
1969580485
0
80
0
0
0
0
0
0
0
0
2732239582
3767168578
4135311714
0
32
0
0
0
0
0
0
0
0
899201480
2804350493
3672923143
0
48
0
0
0
0
0
0
0
0
1494042431
717949433
2404374113
0
96
0
0
0
0
0
0
0
0
2145644393
772706415
2040816414
0
112
0
0
0
0
0
0
0
0
0
0
0
0
162
0
0
0
197
0
0
0
214
