111100001011
111000001011
110100001011
110000001011
101100001011
101000001011
100100001011
100000001011
011100001011
011000001011
010100001011
010000001011
001100001011
001000001011
000100001011
000000001011
111100001001
110100001001
101100001001
100100001001
011100001001
010100001001
001100001001
000100001001
011110010111
010110010111
001110010111
000110010111
001110010101
000110010101
000100000011
000000100001
000100010011
000000000001
000000101101
000000010001
000000111100
000010100000
000010100010
000111000100
000111000111
000001001111
111100011001
110100011001
101100011001
100100011001
011100011001
010100011001
001100011001
000100011001
000001001111
011100000111
010100000111
001100000111
000100000111
001100000101
000100000101
000100100011
000000011111
001100010101
000100010101
000000011111
000100000011
000000100001
000100010011
000000000001
000000101101
000000010001
000000111100
000010100000
000110100010
000110100101
000000101111
011100010111
010100010111
001100010111
000100010111
000000101111
001100000101
000100000101
000100000011
000000100001
000100010011
000001110000
000110100011
000000011111
001100010101
000100010101
000000011111
000100110010
000110100100
000110100110
000110101001
000010001111
111100011011
111000011011
110100011011
110000011011
101100011011
101000011011
100100011011
100000011011
011100011011
011000011011
010100011011
010000011011
001100011011
001000011011
000100011011
000000011011
000010001111
111100001001
110100001001
101100001001
100100001001
011100001001
010100001001
001100001001
000100001001
011100000111
010100000111
001100000111
000100000111
001100000101
000100000101
000100100011
000000011111
001100010101
000100010101
000000011111
000100000011
000001100001
000100010011
000000110000
000110100010
000110100101
000000101111
011100010111
010100010111
001100010111
000100010111
000000101111
001100000100
000100000100
000100000010
000000000000
000000101101
000000010001
000000111100
000010100001
000100010011
000000110000
000110100011
000000011111
001100010101
000100010101
000000011111
000100110010
000110100100
000110100111
000001001111
111100011001
110100011001
101100011001
100100011001
011100011001
010100011001
001100011001
000100011001
000001001111
011100000111
010100000111
001100000111
000100000111
001100000101
000100000101
000100000011
000000000001
000000101101
000000010001
000000111100
000010100001
000100010011
000000110000
000110100011
000000011111
001100010101
000100010101
000000011111
000101010010
000110100101
000000101111
011100010111
010100010111
001100010111
000100010111
000000101111
001100000101
000100000101
000101010011
000000011111
001100010101
000100010101
000000011111
000101010010
000110100100
000110100110
000110101000
000110101010
